Vertex Count: 2568

Data:

0.600011 -0.749999 0.600015 0.399998 0.024997 0.0055 -1 0.0055
0.600011 -0.749999 -0.600015 0.399998 0.225003 0.0057 -1 -0.0057
0.646359 -0.742659 0.600015 0.418572 0.104905 0.3075 -0.9515 0.003
0.646359 -0.742659 0.600015 0.418572 0.104905 0.3075 -0.9515 0.003
0.646359 -0.742658 -0.600015 0.39329 0.233435 0.3684 -0.9268 -0.0731
0.688169 -0.721355 0.600015 0.435598 0.178983 0.5882 -0.8087 -0.0001
0.688169 -0.721355 0.600015 0.435598 0.178983 0.5882 -0.8087 -0.0001
0.688169 -0.721355 -0.600015 0.386519 0.241761 0.637 -0.7682 -0.0639
0.721348 -0.688174 0.600015 0.451805 0.25 0.8059 -0.5921 0.0003
0.721348 -0.688174 0.600015 0.355414 1 0.8059 -0.5921 0.0003
0.721348 -0.688173 -0.600015 0.138951 1 0.8414 -0.5369 -0.0613
0.742657 -0.646362 0.600015 0.352731 0.987142 0.9499 -0.3124 0.0033
0.742657 -0.646362 0.600015 0.352731 0.987142 0.9499 -0.3124 0.0033
0.742657 -0.646362 -0.600015 0.144406 0.987602 0.9679 -0.2425 -0.0668
0.749996 -0.600015 0.600015 0.350003 0.975002 1 -0.0084 0.0028
0.600011 -0.600015 0.75 0.399998 0.975002 0.0057 -0.0057 1
-0.600018 -0.600015 0.75 0.600003 0.975002 -0.0055 -0.0055 1
0.600011 -0.646362 0.742659 0.397206 0.973994 0.003 -0.3075 0.9515
0.600011 -0.646362 0.742659 0.397206 0.973994 0.003 -0.3075 0.9515
-0.600018 -0.646362 0.742659 0.602794 0.983359 -0.0731 -0.3684 0.9268
0.600011 -0.688174 0.721356 0.394477 0.980337 -0.0001 -0.5882 0.8087
0.600011 -0.688174 0.721356 0.394477 0.980337 -0.0001 -0.5882 0.8087
-0.600018 -0.688174 0.721356 0.605524 0.991692 -0.0638 -0.637 0.7682
0.600011 -0.721355 0.688174 0.391768 1 0.0003 -0.8059 0.5921
0.600011 -0.721355 0.688174 0.463923 0.25 0.0003 -0.8059 0.5921
-0.600018 -0.721355 0.688174 0.536077 0.25 -0.0613 -0.8414 0.5369
0.600011 -0.742659 0.646363 0.432411 0.13882 0.0033 -0.95 0.3124
0.600011 -0.742659 0.646363 0.432411 0.13882 0.0033 -0.95 0.3124
-0.600018 -0.742659 0.646363 0.567567 0.138905 -0.0667 -0.9679 0.2424
0.600011 -0.749999 0.600015 0.399998 0.024997 0.0055 -1 0.0055
0.749996 -0.600015 0.600015 0.350003 0.975002 1 -0.0084 0.0028
0.749996 0.600015 0.600015 0.350003 0.774997 1 0.0057 0.0057
0.742657 -0.600015 0.646363 0.360051 0.967326 0.9515 -0.0031 0.3075
0.742657 -0.600015 0.646363 0.360051 0.967326 0.9515 -0.0031 0.3075
0.742657 0.600015 0.646363 0.360442 0.774311 0.9268 0.0732 0.3684
0.721348 -0.600015 0.688174 0.370003 0.959481 0.8087 -0.0002 0.5882
0.721348 -0.600015 0.688174 0.370003 0.959481 0.8087 -0.0002 0.5882
0.721348 0.600015 0.688174 0.370596 0.773986 0.7685 0.0638 0.6367
0.688169 -0.600015 0.721356 0.379944 0.953604 0.5921 0 0.8059
0.688169 -0.600015 0.721356 0.379944 0.953604 0.5921 0 0.8059
0.688169 0.600015 0.721356 0.380534 0.774077 0.5366 0.0613 0.8416
0.646359 -0.600015 0.742659 0.38992 0.960599 0.3124 -0.0033 0.95
0.646359 -0.600015 0.742659 0.38992 0.960599 0.3124 -0.0033 0.95
0.646359 0.600015 0.742659 0.390307 0.774446 0.2424 0.0667 0.9679
0.600011 -0.600015 0.75 0.399998 0.975002 0.0057 -0.0057 1
-0.750004 -0.600015 0.600015 0.649997 0.975002 -1 -0.0057 0.0057
-0.750004 -0.600014 -0.600015 0.850002 0.975002 -1 -0.0055 -0.0055
-0.742665 -0.646362 0.600015 0.647268 0.987506 -0.9516 -0.3075 0.0031
-0.742665 -0.646362 0.600015 0.647268 0.987506 -0.9516 -0.3075 0.0031
-0.742665 -0.646362 -0.600015 0.855589 0.987597 -0.9268 -0.3683 -0.0731
-0.721362 -0.688174 0.600015 0.644586 1 -0.8087 -0.5882 -0.0002
-0.721362 -0.688174 0.600015 0.548195 0.25 -0.8087 -0.5882 -0.0002
-0.721362 -0.688173 -0.600015 0.62035 0.25 -0.7682 -0.637 -0.0638
-0.68818 -0.721355 0.600015 0.564395 0.179013 -0.592 -0.8059 0.0003
-0.68818 -0.721355 0.600015 0.564395 0.179013 -0.592 -0.8059 0.0003
-0.68818 -0.721355 -0.600015 0.613483 0.241757 -0.5369 -0.8414 -0.0613
-0.646366 -0.742659 0.600015 0.581451 0.104822 -0.3124 -0.95 0.0033
-0.646366 -0.742659 0.600015 0.581451 0.104822 -0.3124 -0.95 0.0033
-0.646366 -0.742658 -0.600015 0.606709 0.233442 -0.2424 -0.9679 -0.0667
-0.600018 -0.749999 0.600015 0.600003 0.024997 -0.1422 -0.9785 0.1494
-0.600018 -0.600015 0.75 0.600003 0.975002 -0.0055 -0.0055 1
-0.600018 0.600015 0.75 0.600003 0.774997 -0.0057 0.0057 1
-0.646366 -0.600015 0.742659 0.610082 0.975391 -0.3075 -0.003 0.9515
-0.646366 -0.600015 0.742659 0.610082 0.975391 -0.3075 -0.003 0.9515
-0.646366 0.600015 0.742659 0.609693 0.774533 -0.3684 0.0731 0.9268
-0.68818 -0.600015 0.721356 0.620055 0.975709 -0.5882 -0.0002 0.8087
-0.68818 -0.600015 0.721356 0.620055 0.975709 -0.5882 -0.0002 0.8087
-0.68818 0.600015 0.721356 0.619469 0.774216 -0.6367 0.0638 0.7685
-0.721362 -0.600015 0.688174 0.629996 0.975833 -0.8059 0.0001 0.5921
-0.721362 -0.600015 0.688174 0.629996 0.975833 -0.8059 0.0001 0.5921
-0.721362 0.600015 0.688174 0.629406 0.774114 -0.8416 0.0613 0.5366
-0.742665 -0.600015 0.646363 0.63995 0.975588 -0.95 -0.0033 0.3123
-0.742665 -0.600015 0.646363 0.63995 0.975588 -0.95 -0.0033 0.3123
-0.742665 0.600015 0.646363 0.639558 0.774387 -0.9679 0.0667 0.2424
-0.750004 -0.600015 0.600015 0.649997 0.975002 -1 -0.0057 0.0057
0.749996 0.600015 0.600015 0.350003 0.774997 1 0.0057 0.0057
0.749996 0.600016 -0.600015 0.149998 0.774997 1 0.0055 -0.0055
0.742657 0.646363 0.600015 0.355394 0.762491 0.9515 0.3075 0.0031
0.742657 0.646363 0.600015 0.355394 0.762491 0.9515 0.3075 0.0031
0.742657 0.646364 -0.600015 0.144572 0.762403 0.9268 0.3684 -0.0732
0.721348 0.688174 0.600015 0.360727 0.75 0.8087 0.5882 0.0002
0.721348 0.688174 0.600015 0.375 0.735727 0.8087 0.5882 0.0002
0.721348 0.688175 -0.600015 0.375 0.514273 0.7685 0.6367 -0.0638
0.688169 0.721356 0.600015 0.383383 0.732165 0.5921 0.8059 -0
0.688169 0.721356 0.600015 0.383383 0.732165 0.5921 0.8059 -0
0.688169 0.721356 -0.600015 0.383389 0.517849 0.5366 0.8416 -0.0613
0.646359 0.74266 0.600015 0.391709 0.728608 0.3124 0.9499 0.0033
0.646359 0.74266 0.600015 0.391709 0.728608 0.3124 0.9499 0.0033
0.646359 0.74266 -0.600015 0.391715 0.521404 0.2425 0.9679 -0.0667
0.600011 0.750001 0.600015 0.399998 0.725003 0.0085 1 0.003
0.600011 0.750001 0.600015 0.399998 0.725003 0.0085 1 0.003
-0.600018 0.750001 0.600015 0.600003 0.725003 -0.0055 1 0.0055
0.600011 0.74266 0.646363 0.399942 0.735174 0.0031 0.9515 0.3075
0.600011 0.74266 0.646363 0.399942 0.735174 0.0031 0.9515 0.3075
-0.600018 0.74266 0.646363 0.60006 0.735175 -0.0732 0.9268 0.3684
0.600011 0.721356 0.688174 0.399895 0.745192 -0.0001 0.8087 0.5882
0.600011 0.721356 0.688174 0.399895 0.745192 -0.0001 0.8087 0.5882
-0.600018 0.721356 0.688174 0.600106 0.745197 -0.0638 0.7682 0.637
0.600011 0.688174 0.721356 0.399876 0.75514 0.0003 0.5921 0.8059
0.600011 0.688174 0.721356 0.399876 0.75514 0.0003 0.5921 0.8059
-0.600018 0.688174 0.721356 0.600125 0.755145 -0.0613 0.5369 0.8414
0.600011 0.646363 0.742659 0.399904 0.765065 0.0033 0.3124 0.95
0.600011 0.646363 0.742659 0.399904 0.765065 0.0033 0.3124 0.95
-0.600018 0.646363 0.742659 0.600098 0.76507 -0.0667 0.2424 0.9679
0.600011 0.600015 0.75 0.399998 0.774997 0.1496 0.1424 0.9784
-0.600018 0.750001 0.600015 0.600003 0.725003 -0.0055 1 0.0055
-0.600018 0.750001 -0.600015 0.600003 0.524998 -0.0057 1 -0.0057
-0.646366 0.74266 0.600015 0.608292 0.728609 -0.3075 0.9515 0.003
-0.646366 0.74266 0.600015 0.608292 0.728609 -0.3075 0.9515 0.003
-0.646366 0.74266 -0.600015 0.608287 0.521405 -0.3684 0.9268 -0.0732
-0.68818 0.721356 0.600015 0.616617 0.732165 -0.5882 0.8087 0.0002
-0.68818 0.721356 0.600015 0.616617 0.732165 -0.5882 0.8087 0.0002
-0.68818 0.721356 -0.600015 0.616612 0.517848 -0.6367 0.7685 -0.0638
-0.721362 0.688174 0.600015 0.625 0.735727 -0.8059 0.5921 -0.0001
-0.721362 0.688174 0.600015 0.639273 0.75 -0.8059 0.5921 -0.0001
-0.721362 0.688175 -0.600015 0.860727 0.75 -0.8416 0.5366 -0.0613
-0.742665 0.646363 0.600015 0.644607 0.76249 -0.95 0.3123 0.0033
-0.742665 0.646363 0.600015 0.644607 0.76249 -0.95 0.3123 0.0033
-0.742665 0.646364 -0.600015 0.855432 0.762398 -0.9679 0.2424 -0.0667
-0.750004 0.600015 0.600015 0.649997 0.774997 -0.9784 0.1424 0.1496
0.749996 0.600016 -0.600015 0.149998 0.774997 1 0.0055 -0.0055
0.749996 -0.600014 -0.600015 0.149998 0.975002 0.9785 -0.1468 -0.1451
0.742657 0.600016 -0.646363 0.137398 0.769568 0.9515 0.0031 -0.3075
0.742657 0.600016 -0.646363 0.137398 0.769568 0.9515 0.0031 -0.3075
0.742657 -0.600014 -0.646363 0.1374 0.980428 0.9268 -0.0732 -0.3684
0.721348 0.600016 -0.688174 0.125 0.764273 0.8087 0.0002 -0.5882
0.721348 0.600016 -0.688174 0.375 0.485727 0.8087 0.0002 -0.5882
0.721348 -0.600014 -0.688174 0.375 0.264273 0.7684 -0.0638 -0.6368
0.688169 0.600016 -0.721355 0.383389 0.482152 0.5921 -0 -0.8059
0.688169 0.600016 -0.721355 0.383389 0.482152 0.5921 -0 -0.8059
0.688169 -0.600014 -0.721356 0.383395 0.267868 0.5366 -0.0613 -0.8416
0.646359 0.600016 -0.742659 0.391714 0.478595 0.3124 0.0033 -0.9499
0.646359 0.600016 -0.742659 0.391714 0.478595 0.3124 0.0033 -0.9499
0.646359 -0.600014 -0.742659 0.391721 0.271423 0.2425 -0.0667 -0.9679
0.600011 0.600016 -0.75 0.399998 0.475003 0.0085 0.003 -1
0.600011 0.600016 -0.75 0.399998 0.475003 0.0085 0.003 -1
-0.600018 0.600016 -0.75 0.600003 0.475003 -0.0055 0.0055 -1
0.600011 0.646364 -0.742659 0.399975 0.485098 0.003 0.3075 -0.9515
0.600011 0.646364 -0.742659 0.399975 0.485098 0.003 0.3075 -0.9515
-0.600018 0.646364 -0.742659 0.600027 0.485097 -0.0731 0.3684 -0.9268
0.600011 0.688175 -0.721355 0.399958 0.495047 0.0002 0.5882 -0.8087
0.600011 0.688175 -0.721355 0.399958 0.495047 0.0002 0.5882 -0.8087
-0.600018 0.688175 -0.721355 0.600043 0.495049 -0.0638 0.6367 -0.7685
0.600011 0.721356 -0.688174 0.399958 0.504951 -0 0.8059 -0.5921
0.600011 0.721356 -0.688174 0.399958 0.504951 -0 0.8059 -0.5921
-0.600018 0.721356 -0.688174 0.600044 0.504954 -0.0613 0.8416 -0.5366
0.600011 0.74266 -0.646363 0.399974 0.514903 0.0033 0.9499 -0.3124
0.600011 0.74266 -0.646363 0.399974 0.514903 0.0033 0.9499 -0.3124
-0.600018 0.74266 -0.646363 0.600027 0.514902 -0.0667 0.9679 -0.2424
0.600011 0.750001 -0.600015 0.399998 0.524998 0.1496 0.9784 -0.1424
-0.600018 0.600016 -0.75 0.600003 0.475003 -0.0055 0.0055 -1
-0.600018 -0.600014 -0.75 0.600003 0.274998 -0.0057 -0.0057 -1
-0.646366 0.600016 -0.742659 0.608286 0.478596 -0.3075 0.003 -0.9515
-0.646366 0.600016 -0.742659 0.608286 0.478596 -0.3075 0.003 -0.9515
-0.646366 -0.600014 -0.742659 0.60828 0.271424 -0.3684 -0.0731 -0.9268
-0.68818 0.600016 -0.721355 0.616612 0.482151 -0.5882 0.0002 -0.8087
-0.68818 0.600016 -0.721355 0.616612 0.482151 -0.5882 0.0002 -0.8087
-0.68818 -0.600014 -0.721356 0.616605 0.267868 -0.6367 -0.0638 -0.7685
-0.721362 0.600016 -0.688174 0.625 0.485727 -0.8059 -0.0001 -0.5921
-0.721362 0.600016 -0.688174 0.875 0.764273 -0.8059 -0.0001 -0.5921
-0.721362 -0.600014 -0.688174 0.875 0.985727 -0.8416 -0.0613 -0.5366
-0.742665 0.600016 -0.646363 0.862597 0.769572 -0.95 0.0033 -0.3123
-0.742665 0.600016 -0.646363 0.862597 0.769572 -0.95 0.0033 -0.3123
-0.742665 -0.600014 -0.646363 0.862605 0.980432 -0.9679 -0.0667 -0.2424
-0.750004 0.600016 -0.600015 0.850002 0.774997 -0.9785 0.1494 -0.1422
0.600011 -0.749999 -0.600015 0.399998 0.225003 0.0057 -1 -0.0057
-0.600018 -0.749999 -0.600015 0.600003 0.225003 -0.1469 -0.9784 -0.1452
0.600011 -0.742658 -0.646363 0.400053 0.235341 0.003 -0.9515 -0.3075
0.600011 -0.742658 -0.646363 0.400053 0.235341 0.003 -0.9515 -0.3075
-0.600018 -0.742658 -0.646363 0.59995 0.235335 -0.0731 -0.9268 -0.3684
0.600011 -0.721355 -0.688174 0.400046 0.245322 0.0002 -0.8087 -0.5882
0.600011 -0.721355 -0.688174 0.400046 0.245322 0.0002 -0.8087 -0.5882
-0.600018 -0.721355 -0.688174 0.599954 0.245326 -0.0638 -0.7685 -0.6367
0.600011 -0.688173 -0.721356 0.400026 0.255163 -0 -0.5921 -0.8059
0.600011 -0.688173 -0.721356 0.400026 0.255163 -0 -0.5921 -0.8059
-0.600018 -0.688173 -0.721356 0.599976 0.255166 -0.0613 -0.5366 -0.8416
0.600011 -0.646362 -0.742659 0.40001 0.265016 0.0033 -0.3124 -0.9499
0.600011 -0.646362 -0.742659 0.40001 0.265016 0.0033 -0.3124 -0.9499
-0.600018 -0.646362 -0.742659 0.599991 0.265014 -0.0667 -0.2424 -0.9679
0.600011 -0.600014 -0.75 0.399998 0.274998 0.1496 -0.1424 -0.9784
0.600011 -0.600015 0.75 0.399998 0.975002 0.0057 -0.0057 1
0.600011 0.600015 0.75 0.399998 0.774997 0.1496 0.1424 0.9784
-0.600018 -0.600015 0.75 0.600003 0.975002 -0.0055 -0.0055 1
0.600011 0.750001 0.600015 0.399998 0.725003 0.0085 1 0.003
0.600011 0.750001 -0.600015 0.399998 0.524998 0.1496 0.9784 -0.1424
-0.600018 0.750001 0.600015 0.600003 0.725003 -0.0055 1 0.0055
0.600011 0.600016 -0.75 0.399998 0.475003 0.0085 0.003 -1
0.600011 -0.600014 -0.75 0.399998 0.274998 0.1496 -0.1424 -0.9784
-0.600018 0.600016 -0.75 0.600003 0.475003 -0.0055 0.0055 -1
0.600011 -0.749999 -0.600015 0.399998 0.225003 0.0057 -1 -0.0057
0.600011 -0.749999 0.600015 0.399998 0.024997 0.0055 -1 0.0055
-0.600018 -0.749999 -0.600015 0.600003 0.225003 -0.1469 -0.9784 -0.1452
-0.750004 -0.600015 0.600015 0.649997 0.975002 -1 -0.0057 0.0057
-0.750004 0.600015 0.600015 0.649997 0.774997 -0.9784 0.1424 0.1496
-0.750004 -0.600014 -0.600015 0.850002 0.975002 -1 -0.0055 -0.0055
0.749996 -0.600014 -0.600015 0.149998 0.975002 0.9785 -0.1468 -0.1451
0.749996 0.600016 -0.600015 0.149998 0.774997 1 0.0055 -0.0055
0.749996 -0.600015 0.600015 0.350003 0.975002 1 -0.0084 0.0028
0.742657 -0.600015 0.646363 0.360051 0.967326 0.9515 -0.0031 0.3075
0.736923 -0.6433 0.643301 0.361015 0.976817 0.918 -0.2804 0.2804
0.749996 -0.600015 0.600015 0.350003 0.975002 1 -0.0084 0.0028
0.736923 -0.6433 0.643301 0.361015 0.976817 0.918 -0.2804 0.2804
0.718403 -0.684527 0.636086 0.361976 1 0.7841 -0.569 0.2479
0.742657 -0.646362 0.600015 0.352731 0.987142 0.9499 -0.3124 0.0033
0.684521 -0.71841 0.636086 0.445763 0.209213 0.569 -0.7841 0.2479
0.688169 -0.721355 0.600015 0.435598 0.178983 0.5882 -0.8087 -0.0001
0.718403 -0.684527 0.636086 0.453992 0.25 0.7841 -0.569 0.2479
0.643297 -0.736928 0.643301 0.438613 0.171841 0.2804 -0.918 0.2804
0.646359 -0.742659 0.600015 0.418572 0.104905 0.3075 -0.9515 0.003
0.684521 -0.71841 0.636086 0.445763 0.209213 0.569 -0.7841 0.2479
0.646359 -0.742659 0.600015 0.418572 0.104905 0.3075 -0.9515 0.003
0.643297 -0.736928 0.643301 0.438613 0.171841 0.2804 -0.918 0.2804
0.600011 -0.749999 0.600015 0.399998 0.024997 0.0055 -1 0.0055
0.643297 -0.736928 0.643301 0.438613 0.171841 0.2804 -0.918 0.2804
0.636079 -0.71841 0.684528 0.461736 0.25 0.2479 -0.7841 0.569
0.600011 -0.742659 0.646363 0.432411 0.13882 0.0033 -0.95 0.3124
0.636079 -0.684527 0.718411 0.387829 0.847566 0.2478 -0.569 0.7841
0.600011 -0.688174 0.721356 0.394477 0.980337 -0.0001 -0.5882 0.8087
0.636079 -0.71841 0.684528 0.385207 1 0.2479 -0.7841 0.569
0.643297 -0.6433 0.736929 0.388805 0.880861 0.2804 -0.2804 0.918
0.600011 -0.646362 0.742659 0.397206 0.973994 0.003 -0.3075 0.9515
0.636079 -0.684527 0.718411 0.387829 0.847566 0.2478 -0.569 0.7841
0.600011 -0.646362 0.742659 0.397206 0.973994 0.003 -0.3075 0.9515
0.643297 -0.6433 0.736929 0.388805 0.880861 0.2804 -0.2804 0.918
0.600011 -0.600015 0.75 0.399998 0.975002 0.0057 -0.0057 1
0.643297 -0.6433 0.736929 0.388805 0.880861 0.2804 -0.2804 0.918
0.684521 -0.636086 0.718411 0.379824 0.825882 0.569 -0.2479 0.7841
0.646359 -0.600015 0.742659 0.38992 0.960599 0.3124 -0.0033 0.95
0.684521 -0.636086 0.718411 0.379824 0.825882 0.569 -0.2479 0.7841
0.718403 -0.636086 0.684528 0.369897 0.947147 0.7841 -0.2479 0.569
0.688169 -0.600015 0.721356 0.379944 0.953604 0.5921 0 0.8059
0.736923 -0.6433 0.643301 0.361015 0.976817 0.918 -0.2804 0.2804
0.742657 -0.600015 0.646363 0.360051 0.967326 0.9515 -0.0031 0.3075
0.718403 -0.636086 0.684528 0.369897 0.947147 0.7841 -0.2479 0.569
0.718403 -0.636086 0.684528 0.369897 0.947147 0.7841 -0.2479 0.569
0.707212 -0.674087 0.674088 0.369365 1 0.7194 -0.4912 0.4912
0.736923 -0.6433 0.643301 0.361015 0.976817 0.918 -0.2804 0.2804
0.674081 -0.707219 0.674088 0.459272 0.25 0.4912 -0.7193 0.4912
0.684521 -0.71841 0.636086 0.445763 0.209213 0.569 -0.7841 0.2479
0.707212 -0.674087 0.674088 0.456455 0.25 0.7194 -0.4912 0.4912
0.684521 -0.71841 0.636086 0.445763 0.209213 0.569 -0.7841 0.2479
0.674081 -0.707219 0.674088 0.459272 0.25 0.4912 -0.7193 0.4912
0.643297 -0.736928 0.643301 0.438613 0.171841 0.2804 -0.918 0.2804
0.674081 -0.707219 0.674088 0.377817 1 0.4912 -0.7193 0.4912
0.674081 -0.674087 0.70722 0.379904 0.51854 0.4912 -0.4912 0.7194
0.636079 -0.71841 0.684528 0.385207 1 0.2479 -0.7841 0.569
0.636079 -0.684527 0.718411 0.387829 0.847566 0.2478 -0.569 0.7841
0.674081 -0.674087 0.70722 0.379904 0.51854 0.4912 -0.4912 0.7194
0.643297 -0.6433 0.736929 0.388805 0.880861 0.2804 -0.2804 0.918
0.707212 -0.674087 0.674088 0.369365 1 0.7194 -0.4912 0.4912
0.718403 -0.636086 0.684528 0.369897 0.947147 0.7841 -0.2479 0.569
0.674081 -0.674087 0.70722 0.379904 0.51854 0.4912 -0.4912 0.7194
0.674081 -0.674087 0.70722 0.379904 0.51854 0.4912 -0.4912 0.7194
0.674081 -0.707219 0.674088 0.377817 1 0.4912 -0.7193 0.4912
0.707212 -0.674087 0.674088 0.369365 1 0.7194 -0.4912 0.4912
-0.600018 -0.742659 0.646363 0.567567 0.138905 -0.0667 -0.9679 0.2424
-0.643304 -0.736928 0.643301 0.561436 0.171668 -0.2803 -0.9181 0.2803
-0.600018 -0.749999 0.600015 0.600003 0.024997 -0.1422 -0.9785 0.1494
-0.643304 -0.736928 0.643301 0.561436 0.171668 -0.2803 -0.9181 0.2803
-0.684536 -0.71841 0.636086 0.554452 0.208384 -0.569 -0.7841 0.2479
-0.646366 -0.742659 0.600015 0.581451 0.104822 -0.3124 -0.95 0.0033
-0.718418 -0.684527 0.636086 0.546008 0.25 -0.7841 -0.569 0.2479
-0.721362 -0.688174 0.600015 0.548195 0.25 -0.8087 -0.5882 -0.0002
-0.684536 -0.71841 0.636086 0.554452 0.208384 -0.569 -0.7841 0.2479
-0.736934 -0.6433 0.643301 0.638981 0.987335 -0.918 -0.2803 0.2803
-0.742665 -0.646362 0.600015 0.647268 0.987506 -0.9516 -0.3075 0.0031
-0.718418 -0.684527 0.636086 0.638024 1 -0.7841 -0.569 0.2479
-0.742665 -0.646362 0.600015 0.647268 0.987506 -0.9516 -0.3075 0.0031
-0.736934 -0.6433 0.643301 0.638981 0.987335 -0.918 -0.2803 0.2803
-0.750004 -0.600015 0.600015 0.649997 0.975002 -1 -0.0057 0.0057
-0.736934 -0.6433 0.643301 0.638981 0.987335 -0.918 -0.2803 0.2803
-0.718418 -0.636086 0.684528 0.630125 0.985852 -0.7841 -0.2479 0.569
-0.742665 -0.600015 0.646363 0.63995 0.975588 -0.95 -0.0033 0.3123
-0.718418 -0.636086 0.684528 0.630125 0.985852 -0.7841 -0.2479 0.569
-0.684536 -0.636086 0.718411 0.620195 0.983787 -0.569 -0.2479 0.7841
-0.721362 -0.600015 0.688174 0.629996 0.975833 -0.8059 0.0001 0.5921
-0.643304 -0.6433 0.736929 0.611193 0.983764 -0.2803 -0.2804 0.918
-0.646366 -0.600015 0.742659 0.610082 0.975391 -0.3075 -0.003 0.9515
-0.684536 -0.636086 0.718411 0.620195 0.983787 -0.569 -0.2479 0.7841
-0.646366 -0.600015 0.742659 0.610082 0.975391 -0.3075 -0.003 0.9515
-0.643304 -0.6433 0.736929 0.611193 0.983764 -0.2803 -0.2804 0.918
-0.600018 -0.600015 0.75 0.600003 0.975002 -0.0055 -0.0055 1
-0.643304 -0.6433 0.736929 0.611193 0.983764 -0.2803 -0.2804 0.918
-0.636094 -0.684527 0.718411 0.612163 0.992094 -0.2478 -0.569 0.7841
-0.600018 -0.646362 0.742659 0.602794 0.983359 -0.0731 -0.3684 0.9268
-0.636094 -0.684527 0.718411 0.612163 0.992094 -0.2478 -0.569 0.7841
-0.636094 -0.71841 0.684528 0.614793 1 -0.2479 -0.7841 0.569
-0.600018 -0.688174 0.721356 0.605524 0.991692 -0.0638 -0.637 0.7682
-0.643304 -0.736928 0.643301 0.561436 0.171668 -0.2803 -0.9181 0.2803
-0.600018 -0.742659 0.646363 0.567567 0.138905 -0.0667 -0.9679 0.2424
-0.636094 -0.71841 0.684528 0.538264 0.25 -0.2479 -0.7841 0.569
-0.636094 -0.71841 0.684528 0.538264 0.25 -0.2479 -0.7841 0.569
-0.674092 -0.707219 0.674088 0.540727 0.25 -0.4912 -0.7193 0.4912
-0.643304 -0.736928 0.643301 0.561436 0.171668 -0.2803 -0.9181 0.2803
-0.674092 -0.707219 0.674088 0.540727 0.25 -0.4912 -0.7193 0.4912
-0.707227 -0.674087 0.674088 0.543545 0.25 -0.7194 -0.4912 0.4912
-0.684536 -0.71841 0.636086 0.554452 0.208384 -0.569 -0.7841 0.2479
-0.718418 -0.684527 0.636086 0.638024 1 -0.7841 -0.569 0.2479
-0.707227 -0.674087 0.674088 0.630635 1 -0.7194 -0.4912 0.4912
-0.736934 -0.6433 0.643301 0.638981 0.987335 -0.918 -0.2803 0.2803
-0.674092 -0.674087 0.70722 0.620098 0.993328 -0.4912 -0.4912 0.7194
-0.684536 -0.636086 0.718411 0.620195 0.983787 -0.569 -0.2479 0.7841
-0.707227 -0.674087 0.674088 0.630635 1 -0.7194 -0.4912 0.4912
-0.684536 -0.636086 0.718411 0.620195 0.983787 -0.569 -0.2479 0.7841
-0.674092 -0.674087 0.70722 0.620098 0.993328 -0.4912 -0.4912 0.7194
-0.643304 -0.6433 0.736929 0.611193 0.983764 -0.2803 -0.2804 0.918
-0.674092 -0.707219 0.674088 0.622182 1 -0.4912 -0.7193 0.4912
-0.636094 -0.71841 0.684528 0.614793 1 -0.2479 -0.7841 0.569
-0.674092 -0.674087 0.70722 0.620098 0.993328 -0.4912 -0.4912 0.7194
-0.674092 -0.674087 0.70722 0.620098 0.993328 -0.4912 -0.4912 0.7194
-0.707227 -0.674087 0.674088 0.630635 1 -0.7194 -0.4912 0.4912
-0.674092 -0.707219 0.674088 0.622182 1 -0.4912 -0.7193 0.4912
0.600011 0.74266 0.646363 0.399942 0.735174 0.0031 0.9515 0.3075
0.643297 0.736929 0.643301 0.392369 0.736878 0.2804 0.918 0.2804
0.600011 0.750001 0.600015 0.399998 0.725003 0.0085 1 0.003
0.643297 0.736929 0.643301 0.392369 0.736878 0.2804 0.918 0.2804
0.684521 0.718411 0.636087 0.384192 0.738614 0.569 0.7841 0.2479
0.646359 0.74266 0.600015 0.391709 0.728608 0.3124 0.9499 0.0033
0.684521 0.718411 0.636087 0.384192 0.738614 0.569 0.7841 0.2479
0.718403 0.684528 0.636087 0.375 0.74244 0.7841 0.569 0.2479
0.688169 0.721356 0.600015 0.383383 0.732165 0.5921 0.8059 -0
0.736923 0.643301 0.643301 0.363847 0.762608 0.918 0.2804 0.2804
0.742657 0.646363 0.600015 0.355394 0.762491 0.9515 0.3075 0.0031
0.718403 0.684528 0.636087 0.36744 0.75 0.7841 0.569 0.2479
0.742657 0.646363 0.600015 0.355394 0.762491 0.9515 0.3075 0.0031
0.736923 0.643301 0.643301 0.363847 0.762608 0.918 0.2804 0.2804
0.749996 0.600015 0.600015 0.350003 0.774997 1 0.0057 0.0057
0.736923 0.643301 0.643301 0.363847 0.762608 0.918 0.2804 0.2804
0.718403 0.636087 0.684528 0.372603 0.763983 0.7841 0.2479 0.569
0.742657 0.600015 0.646363 0.360442 0.774311 0.9268 0.0732 0.3684
0.684521 0.636087 0.718412 0.382453 0.765752 0.569 0.2478 0.7841
0.688169 0.600015 0.721356 0.380534 0.774077 0.5366 0.0613 0.8416
0.718403 0.636087 0.684528 0.372603 0.763983 0.7841 0.2479 0.569
0.643297 0.643301 0.736929 0.391588 0.765219 0.2804 0.2804 0.918
0.646359 0.600015 0.742659 0.390307 0.774446 0.2424 0.0667 0.9679
0.684521 0.636087 0.718412 0.382453 0.765752 0.569 0.2478 0.7841
0.646359 0.600015 0.742659 0.390307 0.774446 0.2424 0.0667 0.9679
0.643297 0.643301 0.736929 0.391588 0.765219 0.2804 0.2804 0.918
0.600011 0.600015 0.75 0.399998 0.774997 0.1496 0.1424 0.9784
0.643297 0.643301 0.736929 0.391588 0.765219 0.2804 0.2804 0.918
0.636079 0.684528 0.718412 0.393231 0.75563 0.2478 0.569 0.7841
0.600011 0.646363 0.742659 0.399904 0.765065 0.0033 0.3124 0.95
0.636079 0.718411 0.684528 0.393468 0.745708 0.2478 0.7841 0.569
0.600011 0.721356 0.688174 0.399895 0.745192 -0.0001 0.8087 0.5882
0.636079 0.684528 0.718412 0.393231 0.75563 0.2478 0.569 0.7841
0.643297 0.736929 0.643301 0.392369 0.736878 0.2804 0.918 0.2804
0.600011 0.74266 0.646363 0.399942 0.735174 0.0031 0.9515 0.3075
0.636079 0.718411 0.684528 0.393468 0.745708 0.2478 0.7841 0.569
0.636079 0.718411 0.684528 0.393468 0.745708 0.2478 0.7841 0.569
0.674081 0.70722 0.674088 0.385707 0.745996 0.4912 0.7194 0.4912
0.643297 0.736929 0.643301 0.392369 0.736878 0.2804 0.918 0.2804
0.707212 0.674088 0.674088 0.375 0.75 0.7193 0.4912 0.4912
0.718403 0.684528 0.636087 0.375 0.74244 0.7841 0.569 0.2479
0.674081 0.70722 0.674088 0.385707 0.745996 0.4912 0.7194 0.4912
0.718403 0.684528 0.636087 0.36744 0.75 0.7841 0.569 0.2479
0.707212 0.674088 0.674088 0.375 0.75 0.7193 0.4912 0.4912
0.736923 0.643301 0.643301 0.363847 0.762608 0.918 0.2804 0.2804
0.707212 0.674088 0.674088 0.375 0.75 0.7193 0.4912 0.4912
0.674081 0.674088 0.70722 0.385213 0.756103 0.4912 0.4912 0.7194
0.718403 0.636087 0.684528 0.372603 0.763983 0.7841 0.2479 0.569
0.684521 0.636087 0.718412 0.382453 0.765752 0.569 0.2478 0.7841
0.674081 0.674088 0.70722 0.385213 0.756103 0.4912 0.4912 0.7194
0.643297 0.643301 0.736929 0.391588 0.765219 0.2804 0.2804 0.918
0.674081 0.70722 0.674088 0.385707 0.745996 0.4912 0.7194 0.4912
0.636079 0.718411 0.684528 0.393468 0.745708 0.2478 0.7841 0.569
0.674081 0.674088 0.70722 0.385213 0.756103 0.4912 0.4912 0.7194
0.674081 0.674088 0.70722 0.385213 0.756103 0.4912 0.4912 0.7194
0.707212 0.674088 0.674088 0.375 0.75 0.7193 0.4912 0.4912
0.674081 0.70722 0.674088 0.385707 0.745996 0.4912 0.7194 0.4912
-0.742665 0.600015 0.646363 0.639558 0.774387 -0.9679 0.0667 0.2424
-0.736934 0.643301 0.643301 0.636159 0.76265 -0.918 0.2803 0.2803
-0.750004 0.600015 0.600015 0.649997 0.774997 -0.9784 0.1424 0.1496
-0.736934 0.643301 0.643301 0.636159 0.76265 -0.918 0.2803 0.2803
-0.718418 0.684528 0.636087 0.63256 0.75 -0.7841 0.569 0.2478
-0.742665 0.646363 0.600015 0.644607 0.76249 -0.95 0.3123 0.0033
-0.718418 0.684528 0.636087 0.625 0.74244 -0.7841 0.569 0.2478
-0.684536 0.718411 0.636087 0.615808 0.738628 -0.569 0.7841 0.2479
-0.721362 0.688174 0.600015 0.625 0.735727 -0.8059 0.5921 -0.0001
-0.643304 0.736929 0.643301 0.607631 0.736887 -0.2803 0.918 0.2804
-0.646366 0.74266 0.600015 0.608292 0.728609 -0.3075 0.9515 0.003
-0.684536 0.718411 0.636087 0.615808 0.738628 -0.569 0.7841 0.2479
-0.646366 0.74266 0.600015 0.608292 0.728609 -0.3075 0.9515 0.003
-0.643304 0.736929 0.643301 0.607631 0.736887 -0.2803 0.918 0.2804
-0.600018 0.750001 0.600015 0.600003 0.725003 -0.0055 1 0.0055
-0.643304 0.736929 0.643301 0.607631 0.736887 -0.2803 0.918 0.2804
-0.636094 0.718411 0.684528 0.60654 0.745698 -0.2479 0.7841 0.569
-0.600018 0.74266 0.646363 0.60006 0.735175 -0.0732 0.9268 0.3684
-0.636094 0.718411 0.684528 0.60654 0.745698 -0.2479 0.7841 0.569
-0.636094 0.684528 0.718412 0.606781 0.755649 -0.2478 0.569 0.7841
-0.600018 0.721356 0.688174 0.600106 0.745197 -0.0638 0.7682 0.637
-0.643304 0.643301 0.736929 0.608417 0.765278 -0.2803 0.2804 0.918
-0.600018 0.646363 0.742659 0.600098 0.76507 -0.0667 0.2424 0.9679
-0.636094 0.684528 0.718412 0.606781 0.755649 -0.2478 0.569 0.7841
-0.600018 0.646363 0.742659 0.600098 0.76507 -0.0667 0.2424 0.9679
-0.643304 0.643301 0.736929 0.608417 0.765278 -0.2803 0.2804 0.918
-0.600018 0.600015 0.75 0.600003 0.774997 -0.0057 0.0057 1
-0.643304 0.643301 0.736929 0.608417 0.765278 -0.2803 0.2804 0.918
-0.684536 0.636087 0.718412 0.617528 0.765809 -0.569 0.2479 0.7841
-0.646366 0.600015 0.742659 0.609693 0.774533 -0.3684 0.0731 0.9268
-0.718418 0.636087 0.684528 0.62738 0.764057 -0.7841 0.2478 0.569
-0.721362 0.600015 0.688174 0.629406 0.774114 -0.8416 0.0613 0.5366
-0.684536 0.636087 0.718412 0.617528 0.765809 -0.569 0.2479 0.7841
-0.736934 0.643301 0.643301 0.636159 0.76265 -0.918 0.2803 0.2803
-0.742665 0.600015 0.646363 0.639558 0.774387 -0.9679 0.0667 0.2424
-0.718418 0.636087 0.684528 0.62738 0.764057 -0.7841 0.2478 0.569
-0.718418 0.636087 0.684528 0.62738 0.764057 -0.7841 0.2478 0.569
-0.707227 0.674088 0.674088 0.625 0.75 -0.7194 0.4912 0.4912
-0.736934 0.643301 0.643301 0.636159 0.76265 -0.918 0.2803 0.2803
-0.674092 0.70722 0.674088 0.614294 0.746003 -0.4912 0.7193 0.4912
-0.684536 0.718411 0.636087 0.615808 0.738628 -0.569 0.7841 0.2479
-0.707227 0.674088 0.674088 0.625 0.75 -0.7194 0.4912 0.4912
-0.684536 0.718411 0.636087 0.615808 0.738628 -0.569 0.7841 0.2479
-0.674092 0.70722 0.674088 0.614294 0.746003 -0.4912 0.7193 0.4912
-0.643304 0.736929 0.643301 0.607631 0.736887 -0.2803 0.918 0.2804
-0.674092 0.70722 0.674088 0.614294 0.746003 -0.4912 0.7193 0.4912
-0.674092 0.674088 0.70722 0.614785 0.756129 -0.4912 0.4912 0.7194
-0.636094 0.718411 0.684528 0.60654 0.745698 -0.2479 0.7841 0.569
-0.636094 0.684528 0.718412 0.606781 0.755649 -0.2478 0.569 0.7841
-0.674092 0.674088 0.70722 0.614785 0.756129 -0.4912 0.4912 0.7194
-0.643304 0.643301 0.736929 0.608417 0.765278 -0.2803 0.2804 0.918
-0.674092 0.674088 0.70722 0.614785 0.756129 -0.4912 0.4912 0.7194
-0.707227 0.674088 0.674088 0.625 0.75 -0.7194 0.4912 0.4912
-0.684536 0.636087 0.718412 0.617528 0.765809 -0.569 0.2479 0.7841
-0.674092 0.674088 0.70722 0.614785 0.756129 -0.4912 0.4912 0.7194
-0.674092 0.70722 0.674088 0.614294 0.746003 -0.4912 0.7193 0.4912
-0.707227 0.674088 0.674088 0.625 0.75 -0.7194 0.4912 0.4912
0.600011 0.646364 -0.742659 0.399975 0.485098 0.003 0.3075 -0.9515
0.643297 0.643302 -0.736928 0.392443 0.486707 0.2803 0.2803 -0.9181
0.600011 0.600016 -0.75 0.399998 0.475003 0.0085 0.003 -1
0.643297 0.643302 -0.736928 0.392443 0.486707 0.2803 0.2803 -0.9181
0.684521 0.636087 -0.718411 0.384261 0.488455 0.569 0.2478 -0.7841
0.646359 0.600016 -0.742659 0.391714 0.478595 0.3124 0.0033 -0.9499
0.684521 0.636087 -0.718411 0.384261 0.488455 0.569 0.2478 -0.7841
0.718403 0.636087 -0.684528 0.375 0.49244 0.7841 0.2479 -0.569
0.688169 0.600016 -0.721355 0.383389 0.482152 0.5921 -0 -0.8059
0.736923 0.643302 -0.643301 0.135152 0.760138 0.918 0.2804 -0.2804
0.742657 0.600016 -0.646363 0.137398 0.769568 0.9515 0.0031 -0.3075
0.718403 0.636087 -0.684528 0.125 0.75756 0.7841 0.2479 -0.569
0.742657 0.600016 -0.646363 0.137398 0.769568 0.9515 0.0031 -0.3075
0.736923 0.643302 -0.643301 0.135152 0.760138 0.918 0.2804 -0.2804
0.749996 0.600016 -0.600015 0.149998 0.774997 1 0.0055 -0.0055
0.736923 0.643302 -0.643301 0.135152 0.760138 0.918 0.2804 -0.2804
0.718403 0.684529 -0.636086 0.13256 0.75 0.7841 0.569 -0.2479
0.742657 0.646364 -0.600015 0.144572 0.762403 0.9268 0.3684 -0.0732
0.684521 0.718412 -0.636086 0.384262 0.511535 0.569 0.7841 -0.2478
0.688169 0.721356 -0.600015 0.383389 0.517849 0.5366 0.8416 -0.0613
0.718403 0.684529 -0.636086 0.375 0.50756 0.7841 0.569 -0.2479
0.643297 0.736929 -0.643301 0.392442 0.513285 0.2804 0.918 -0.2804
0.646359 0.74266 -0.600015 0.391715 0.521404 0.2425 0.9679 -0.0667
0.684521 0.718412 -0.636086 0.384262 0.511535 0.569 0.7841 -0.2478
0.646359 0.74266 -0.600015 0.391715 0.521404 0.2425 0.9679 -0.0667
0.643297 0.736929 -0.643301 0.392442 0.513285 0.2804 0.918 -0.2804
0.600011 0.750001 -0.600015 0.399998 0.524998 0.1496 0.9784 -0.1424
0.643297 0.736929 -0.643301 0.392442 0.513285 0.2804 0.918 -0.2804
0.636079 0.718412 -0.684528 0.393633 0.504707 0.2479 0.7841 -0.569
0.600011 0.74266 -0.646363 0.399974 0.514903 0.0033 0.9499 -0.3124
0.636079 0.718412 -0.684528 0.393633 0.504707 0.2479 0.7841 -0.569
0.636079 0.684529 -0.718411 0.393635 0.495324 0.2478 0.569 -0.7841
0.600011 0.721356 -0.688174 0.399958 0.504951 -0 0.8059 -0.5921
0.643297 0.643302 -0.736928 0.392443 0.486707 0.2803 0.2803 -0.9181
0.600011 0.646364 -0.742659 0.399975 0.485098 0.003 0.3075 -0.9515
0.636079 0.684529 -0.718411 0.393635 0.495324 0.2478 0.569 -0.7841
0.636079 0.684529 -0.718411 0.393635 0.495324 0.2478 0.569 -0.7841
0.674081 0.674088 -0.70722 0.385912 0.495523 0.4912 0.4912 -0.7194
0.643297 0.643302 -0.736928 0.392443 0.486707 0.2803 0.2803 -0.9181
0.707212 0.674088 -0.674088 0.375 0.5 0.7193 0.4912 -0.4912
0.718403 0.636087 -0.684528 0.375 0.49244 0.7841 0.2479 -0.569
0.674081 0.674088 -0.70722 0.385912 0.495523 0.4912 0.4912 -0.7194
0.718403 0.636087 -0.684528 0.125 0.75756 0.7841 0.2479 -0.569
0.707212 0.674088 -0.674088 0.125 0.75 0.7193 0.4912 -0.4912
0.736923 0.643302 -0.643301 0.135152 0.760138 0.918 0.2804 -0.2804
0.707212 0.674088 -0.674088 0.375 0.5 0.7193 0.4912 -0.4912
0.674081 0.70722 -0.674088 0.385911 0.504483 0.4912 0.7194 -0.4912
0.718403 0.684529 -0.636086 0.375 0.50756 0.7841 0.569 -0.2479
0.684521 0.718412 -0.636086 0.384262 0.511535 0.569 0.7841 -0.2478
0.674081 0.70722 -0.674088 0.385911 0.504483 0.4912 0.7194 -0.4912
0.643297 0.736929 -0.643301 0.392442 0.513285 0.2804 0.918 -0.2804
0.674081 0.674088 -0.70722 0.385912 0.495523 0.4912 0.4912 -0.7194
0.636079 0.684529 -0.718411 0.393635 0.495324 0.2478 0.569 -0.7841
0.674081 0.70722 -0.674088 0.385911 0.504483 0.4912 0.7194 -0.4912
0.674081 0.70722 -0.674088 0.385911 0.504483 0.4912 0.7194 -0.4912
0.707212 0.674088 -0.674088 0.375 0.5 0.7193 0.4912 -0.4912
0.674081 0.674088 -0.70722 0.385912 0.495523 0.4912 0.4912 -0.7194
-0.742665 0.646364 -0.600015 0.855432 0.762398 -0.9679 0.2424 -0.0667
-0.736934 0.643302 -0.643301 0.864863 0.760151 -0.918 0.2803 -0.2803
-0.750004 0.600016 -0.600015 0.850002 0.774997 -0.9785 0.1494 -0.1422
-0.736934 0.643302 -0.643301 0.864863 0.760151 -0.918 0.2803 -0.2803
-0.718418 0.636087 -0.684528 0.875 0.75756 -0.7841 0.2479 -0.569
-0.742665 0.600016 -0.646363 0.862597 0.769572 -0.95 0.0033 -0.3123
-0.718418 0.636087 -0.684528 0.625 0.49244 -0.7841 0.2479 -0.569
-0.684536 0.636087 -0.718411 0.615739 0.488465 -0.569 0.2479 -0.7841
-0.721362 0.600016 -0.688174 0.625 0.485727 -0.8059 -0.0001 -0.5921
-0.643304 0.643302 -0.736928 0.607559 0.486715 -0.2803 0.2804 -0.918
-0.646366 0.600016 -0.742659 0.608286 0.478596 -0.3075 0.003 -0.9515
-0.684536 0.636087 -0.718411 0.615739 0.488465 -0.569 0.2479 -0.7841
-0.646366 0.600016 -0.742659 0.608286 0.478596 -0.3075 0.003 -0.9515
-0.643304 0.643302 -0.736928 0.607559 0.486715 -0.2803 0.2804 -0.918
-0.600018 0.600016 -0.75 0.600003 0.475003 -0.0055 0.0055 -1
-0.643304 0.643302 -0.736928 0.607559 0.486715 -0.2803 0.2804 -0.918
-0.636094 0.684529 -0.718411 0.606368 0.495293 -0.2479 0.569 -0.7841
-0.600018 0.646364 -0.742659 0.600027 0.485097 -0.0731 0.3684 -0.9268
-0.636094 0.718412 -0.684528 0.606366 0.504676 -0.2479 0.7841 -0.569
-0.600018 0.721356 -0.688174 0.600044 0.504954 -0.0613 0.8416 -0.5366
-0.636094 0.684529 -0.718411 0.606368 0.495293 -0.2479 0.569 -0.7841
-0.643304 0.736929 -0.643301 0.607558 0.513293 -0.2803 0.918 -0.2804
-0.600018 0.74266 -0.646363 0.600027 0.514902 -0.0667 0.9679 -0.2424
-0.636094 0.718412 -0.684528 0.606366 0.504676 -0.2479 0.7841 -0.569
-0.600018 0.74266 -0.646363 0.600027 0.514902 -0.0667 0.9679 -0.2424
-0.643304 0.736929 -0.643301 0.607558 0.513293 -0.2803 0.918 -0.2804
-0.600018 0.750001 -0.600015 0.600003 0.524998 -0.0057 1 -0.0057
-0.643304 0.736929 -0.643301 0.607558 0.513293 -0.2803 0.918 -0.2804
-0.684536 0.718412 -0.636086 0.61574 0.511545 -0.569 0.7841 -0.2479
-0.646366 0.74266 -0.600015 0.608287 0.521405 -0.3684 0.9268 -0.0732
-0.718418 0.684529 -0.636086 0.625 0.50756 -0.7841 0.569 -0.2479
-0.721362 0.688175 -0.600015 0.625 0.514273 -0.8416 0.5366 -0.0613
-0.684536 0.718412 -0.636086 0.61574 0.511545 -0.569 0.7841 -0.2479
-0.736934 0.643302 -0.643301 0.864863 0.760151 -0.918 0.2803 -0.2803
-0.742665 0.646364 -0.600015 0.855432 0.762398 -0.9679 0.2424 -0.0667
-0.718418 0.684529 -0.636086 0.86744 0.75 -0.7841 0.569 -0.2479
-0.718418 0.684529 -0.636086 0.86744 0.75 -0.7841 0.569 -0.2479
-0.707227 0.674088 -0.674088 0.875 0.75 -0.7194 0.4912 -0.4912
-0.736934 0.643302 -0.643301 0.864863 0.760151 -0.918 0.2803 -0.2803
-0.674092 0.674088 -0.70722 0.614089 0.495517 -0.4912 0.4912 -0.7193
-0.684536 0.636087 -0.718411 0.615739 0.488465 -0.569 0.2479 -0.7841
-0.707227 0.674088 -0.674088 0.625 0.5 -0.7194 0.4912 -0.4912
-0.684536 0.636087 -0.718411 0.615739 0.488465 -0.569 0.2479 -0.7841
-0.674092 0.674088 -0.70722 0.614089 0.495517 -0.4912 0.4912 -0.7193
-0.643304 0.643302 -0.736928 0.607559 0.486715 -0.2803 0.2804 -0.918
-0.674092 0.674088 -0.70722 0.614089 0.495517 -0.4912 0.4912 -0.7193
-0.674092 0.70722 -0.674088 0.614088 0.504477 -0.4912 0.7194 -0.4912
-0.636094 0.684529 -0.718411 0.606368 0.495293 -0.2479 0.569 -0.7841
-0.636094 0.718412 -0.684528 0.606366 0.504676 -0.2479 0.7841 -0.569
-0.674092 0.70722 -0.674088 0.614088 0.504477 -0.4912 0.7194 -0.4912
-0.643304 0.736929 -0.643301 0.607558 0.513293 -0.2803 0.918 -0.2804
-0.674092 0.70722 -0.674088 0.614088 0.504477 -0.4912 0.7194 -0.4912
-0.707227 0.674088 -0.674088 0.625 0.5 -0.7194 0.4912 -0.4912
-0.684536 0.718412 -0.636086 0.61574 0.511545 -0.569 0.7841 -0.2479
-0.674092 0.70722 -0.674088 0.614088 0.504477 -0.4912 0.7194 -0.4912
-0.674092 0.674088 -0.70722 0.614089 0.495517 -0.4912 0.4912 -0.7193
-0.707227 0.674088 -0.674088 0.625 0.5 -0.7194 0.4912 -0.4912
0.600011 -0.742658 -0.646363 0.400053 0.235341 0.003 -0.9515 -0.3075
0.643297 -0.736928 -0.643301 0.393385 0.239603 0.2804 -0.918 -0.2804
0.600011 -0.749999 -0.600015 0.399998 0.225003 0.0057 -1 -0.0057
0.643297 -0.736928 -0.643301 0.393385 0.239603 0.2804 -0.918 -0.2804
0.684521 -0.71841 -0.636086 0.386189 0.244374 0.569 -0.7841 -0.2478
0.646359 -0.742658 -0.600015 0.39329 0.233435 0.3684 -0.9268 -0.0731
0.684521 -0.71841 -0.636086 0.386189 0.244374 0.569 -0.7841 -0.2478
0.718403 -0.684527 -0.636086 0.377463 0.25 0.7841 -0.569 -0.2479
0.688169 -0.721355 -0.600015 0.386519 0.241761 0.637 -0.7682 -0.0639
0.736923 -0.6433 -0.643301 0.135064 0.989848 0.918 -0.2804 -0.2804
0.742657 -0.646362 -0.600015 0.144406 0.987602 0.9679 -0.2425 -0.0668
0.718403 -0.684527 -0.636086 0.13239 1 0.7841 -0.569 -0.2479
0.742657 -0.646362 -0.600015 0.144406 0.987602 0.9679 -0.2425 -0.0668
0.736923 -0.6433 -0.643301 0.135064 0.989848 0.918 -0.2804 -0.2804
0.749996 -0.600014 -0.600015 0.149998 0.975002 0.9785 -0.1468 -0.1451
0.736923 -0.6433 -0.643301 0.135064 0.989848 0.918 -0.2804 -0.2804
0.718403 -0.636085 -0.684528 0.125 0.99244 0.7841 -0.2479 -0.569
0.742657 -0.600014 -0.646363 0.1374 0.980428 0.9268 -0.0732 -0.3684
0.684521 -0.636085 -0.718411 0.384336 0.261764 0.569 -0.2478 -0.7841
0.688169 -0.600014 -0.721356 0.383395 0.267868 0.5366 -0.0613 -0.8416
0.718403 -0.636085 -0.684528 0.375 0.25756 0.7841 -0.2479 -0.569
0.643297 -0.6433 -0.736929 0.392522 0.263529 0.2804 -0.2804 -0.918
0.646359 -0.600014 -0.742659 0.391721 0.271423 0.2425 -0.0667 -0.9679
0.684521 -0.636085 -0.718411 0.384336 0.261764 0.569 -0.2478 -0.7841
0.646359 -0.600014 -0.742659 0.391721 0.271423 0.2425 -0.0667 -0.9679
0.643297 -0.6433 -0.736929 0.392522 0.263529 0.2804 -0.2804 -0.918
0.600011 -0.600014 -0.75 0.399998 0.274998 0.1496 -0.1424 -0.9784
0.643297 -0.6433 -0.736929 0.392522 0.263529 0.2804 -0.2804 -0.918
0.636079 -0.684527 -0.718411 0.39382 0.255283 0.2479 -0.569 -0.7841
0.600011 -0.646362 -0.742659 0.40001 0.265016 0.0033 -0.3124 -0.9499
0.636079 -0.684527 -0.718411 0.39382 0.255283 0.2479 -0.569 -0.7841
0.636079 -0.71841 -0.684528 0.394087 0.246714 0.2479 -0.7841 -0.569
0.600011 -0.688173 -0.721356 0.400026 0.255163 -0 -0.5921 -0.8059
0.643297 -0.736928 -0.643301 0.393385 0.239603 0.2804 -0.918 -0.2804
0.600011 -0.742658 -0.646363 0.400053 0.235341 0.003 -0.9515 -0.3075
0.636079 -0.71841 -0.684528 0.394087 0.246714 0.2479 -0.7841 -0.569
0.636079 -0.71841 -0.684528 0.394087 0.246714 0.2479 -0.7841 -0.569
0.674081 -0.707219 -0.674088 0.386666 0.247839 0.4912 -0.7193 -0.4912
0.643297 -0.736928 -0.643301 0.393385 0.239603 0.2804 -0.918 -0.2804
0.674081 -0.707219 -0.674088 0.386666 0.247839 0.4912 -0.7193 -0.4912
0.707212 -0.674087 -0.674088 0.375 0.25 0.7194 -0.4912 -0.4912
0.684521 -0.71841 -0.636086 0.386189 0.244374 0.569 -0.7841 -0.2478
0.718403 -0.684527 -0.636086 0.13239 1 0.7841 -0.569 -0.2479
0.707212 -0.674087 -0.674088 0.125 1 0.7194 -0.4912 -0.4912
0.736923 -0.6433 -0.643301 0.135064 0.989848 0.918 -0.2804 -0.2804
0.707212 -0.674087 -0.674088 0.375 0.25 0.7194 -0.4912 -0.4912
0.674081 -0.674087 -0.70722 0.386134 0.255166 0.4912 -0.4912 -0.7194
0.718403 -0.636085 -0.684528 0.375 0.25756 0.7841 -0.2479 -0.569
0.684521 -0.636085 -0.718411 0.384336 0.261764 0.569 -0.2478 -0.7841
0.674081 -0.674087 -0.70722 0.386134 0.255166 0.4912 -0.4912 -0.7194
0.643297 -0.6433 -0.736929 0.392522 0.263529 0.2804 -0.2804 -0.918
0.674081 -0.707219 -0.674088 0.386666 0.247839 0.4912 -0.7193 -0.4912
0.636079 -0.71841 -0.684528 0.394087 0.246714 0.2479 -0.7841 -0.569
0.674081 -0.674087 -0.70722 0.386134 0.255166 0.4912 -0.4912 -0.7194
0.674081 -0.674087 -0.70722 0.386134 0.255166 0.4912 -0.4912 -0.7194
0.707212 -0.674087 -0.674088 0.375 0.25 0.7194 -0.4912 -0.4912
0.674081 -0.707219 -0.674088 0.386666 0.247839 0.4912 -0.7193 -0.4912
-0.742665 -0.600014 -0.646363 0.862605 0.980432 -0.9679 -0.0667 -0.2424
-0.736934 -0.6433 -0.643301 0.864923 0.989863 -0.918 -0.2803 -0.2803
-0.750004 -0.600014 -0.600015 0.850002 0.975002 -1 -0.0055 -0.0055
-0.736934 -0.6433 -0.643301 0.864923 0.989863 -0.918 -0.2803 -0.2803
-0.718418 -0.684527 -0.636086 0.86761 1 -0.7841 -0.569 -0.2478
-0.742665 -0.646362 -0.600015 0.855589 0.987597 -0.9268 -0.3683 -0.0731
-0.718418 -0.684527 -0.636086 0.622537 0.25 -0.7841 -0.569 -0.2478
-0.684536 -0.71841 -0.636086 0.613791 0.244445 -0.569 -0.7841 -0.2479
-0.721362 -0.688173 -0.600015 0.62035 0.25 -0.7682 -0.637 -0.0638
-0.643304 -0.736928 -0.643301 0.606622 0.239591 -0.2803 -0.918 -0.2804
-0.646366 -0.742658 -0.600015 0.606709 0.233442 -0.2424 -0.9679 -0.0667
-0.684536 -0.71841 -0.636086 0.613791 0.244445 -0.569 -0.7841 -0.2479
-0.646366 -0.742658 -0.600015 0.606709 0.233442 -0.2424 -0.9679 -0.0667
-0.643304 -0.736928 -0.643301 0.606622 0.239591 -0.2803 -0.918 -0.2804
-0.600018 -0.749999 -0.600015 0.600003 0.225003 -0.1469 -0.9784 -0.1452
-0.643304 -0.736928 -0.643301 0.606622 0.239591 -0.2803 -0.918 -0.2804
-0.636094 -0.71841 -0.684528 0.60593 0.246639 -0.2479 -0.7841 -0.569
-0.600018 -0.742658 -0.646363 0.59995 0.235335 -0.0731 -0.9268 -0.3684
-0.636094 -0.684527 -0.718411 0.606185 0.255235 -0.2478 -0.569 -0.7841
-0.600018 -0.688173 -0.721356 0.599976 0.255166 -0.0613 -0.5366 -0.8416
-0.636094 -0.71841 -0.684528 0.60593 0.246639 -0.2479 -0.7841 -0.569
-0.643304 -0.6433 -0.736929 0.607478 0.26354 -0.2803 -0.2804 -0.918
-0.600018 -0.646362 -0.742659 0.599991 0.265014 -0.0667 -0.2424 -0.9679
-0.636094 -0.684527 -0.718411 0.606185 0.255235 -0.2478 -0.569 -0.7841
-0.600018 -0.646362 -0.742659 0.599991 0.265014 -0.0667 -0.2424 -0.9679
-0.643304 -0.6433 -0.736929 0.607478 0.26354 -0.2803 -0.2804 -0.918
-0.600018 -0.600014 -0.75 0.600003 0.274998 -0.0057 -0.0057 -1
-0.643304 -0.6433 -0.736929 0.607478 0.26354 -0.2803 -0.2804 -0.918
-0.684536 -0.636085 -0.718411 0.615666 0.261775 -0.569 -0.2479 -0.7841
-0.646366 -0.600014 -0.742659 0.60828 0.271424 -0.3684 -0.0731 -0.9268
-0.718418 -0.636085 -0.684528 0.625 0.25756 -0.7841 -0.2479 -0.569
-0.721362 -0.600014 -0.688174 0.625 0.264273 -0.8416 -0.0613 -0.5366
-0.684536 -0.636085 -0.718411 0.615666 0.261775 -0.569 -0.2479 -0.7841
-0.736934 -0.6433 -0.643301 0.864923 0.989863 -0.918 -0.2803 -0.2803
-0.742665 -0.600014 -0.646363 0.862605 0.980432 -0.9679 -0.0667 -0.2424
-0.718418 -0.636085 -0.684528 0.875 0.99244 -0.7841 -0.2479 -0.569
-0.718418 -0.636085 -0.684528 0.875 0.99244 -0.7841 -0.2479 -0.569
-0.707227 -0.674087 -0.674088 0.875 1 -0.7194 -0.4912 -0.4912
-0.736934 -0.6433 -0.643301 0.864923 0.989863 -0.918 -0.2803 -0.2803
-0.674092 -0.707219 -0.674088 0.613334 0.247835 -0.4912 -0.7193 -0.4912
-0.684536 -0.71841 -0.636086 0.613791 0.244445 -0.569 -0.7841 -0.2479
-0.707227 -0.674087 -0.674088 0.625 0.25 -0.7194 -0.4912 -0.4912
-0.684536 -0.71841 -0.636086 0.613791 0.244445 -0.569 -0.7841 -0.2479
-0.674092 -0.707219 -0.674088 0.613334 0.247835 -0.4912 -0.7193 -0.4912
-0.643304 -0.736928 -0.643301 0.606622 0.239591 -0.2803 -0.918 -0.2804
-0.674092 -0.707219 -0.674088 0.613334 0.247835 -0.4912 -0.7193 -0.4912
-0.674092 -0.674087 -0.70722 0.613867 0.255156 -0.4912 -0.4912 -0.7194
-0.636094 -0.71841 -0.684528 0.60593 0.246639 -0.2479 -0.7841 -0.569
-0.636094 -0.684527 -0.718411 0.606185 0.255235 -0.2478 -0.569 -0.7841
-0.674092 -0.674087 -0.70722 0.613867 0.255156 -0.4912 -0.4912 -0.7194
-0.643304 -0.6433 -0.736929 0.607478 0.26354 -0.2803 -0.2804 -0.918
-0.674092 -0.674087 -0.70722 0.613867 0.255156 -0.4912 -0.4912 -0.7194
-0.707227 -0.674087 -0.674088 0.625 0.25 -0.7194 -0.4912 -0.4912
-0.684536 -0.636085 -0.718411 0.615666 0.261775 -0.569 -0.2479 -0.7841
-0.674092 -0.674087 -0.70722 0.613867 0.255156 -0.4912 -0.4912 -0.7194
-0.674092 -0.707219 -0.674088 0.613334 0.247835 -0.4912 -0.7193 -0.4912
-0.707227 -0.674087 -0.674088 0.625 0.25 -0.7194 -0.4912 -0.4912
0.600011 -0.749999 -0.600015 0.399998 0.225003 0.0057 -1 -0.0057
0.646359 -0.742658 -0.600015 0.39329 0.233435 0.3684 -0.9268 -0.0731
0.646359 -0.742659 0.600015 0.418572 0.104905 0.3075 -0.9515 0.003
0.646359 -0.742658 -0.600015 0.39329 0.233435 0.3684 -0.9268 -0.0731
0.688169 -0.721355 -0.600015 0.386519 0.241761 0.637 -0.7682 -0.0639
0.688169 -0.721355 0.600015 0.435598 0.178983 0.5882 -0.8087 -0.0001
0.688169 -0.721355 -0.600015 0.386519 0.241761 0.637 -0.7682 -0.0639
0.721348 -0.688173 -0.600015 0.37965 0.25 0.8414 -0.5369 -0.0613
0.721348 -0.688174 0.600015 0.451805 0.25 0.8059 -0.5921 0.0003
0.721348 -0.688173 -0.600015 0.138951 1 0.8414 -0.5369 -0.0613
0.742657 -0.646362 -0.600015 0.144406 0.987602 0.9679 -0.2425 -0.0668
0.742657 -0.646362 0.600015 0.352731 0.987142 0.9499 -0.3124 0.0033
0.742657 -0.646362 -0.600015 0.144406 0.987602 0.9679 -0.2425 -0.0668
0.749996 -0.600014 -0.600015 0.149998 0.975002 0.9785 -0.1468 -0.1451
0.749996 -0.600015 0.600015 0.350003 0.975002 1 -0.0084 0.0028
-0.600018 -0.600015 0.75 0.600003 0.975002 -0.0055 -0.0055 1
-0.600018 -0.646362 0.742659 0.602794 0.983359 -0.0731 -0.3684 0.9268
0.600011 -0.646362 0.742659 0.397206 0.973994 0.003 -0.3075 0.9515
-0.600018 -0.646362 0.742659 0.602794 0.983359 -0.0731 -0.3684 0.9268
-0.600018 -0.688174 0.721356 0.605524 0.991692 -0.0638 -0.637 0.7682
0.600011 -0.688174 0.721356 0.394477 0.980337 -0.0001 -0.5882 0.8087
-0.600018 -0.688174 0.721356 0.605524 0.991692 -0.0638 -0.637 0.7682
-0.600018 -0.721355 0.688174 0.608232 1 -0.0613 -0.8414 0.5369
0.600011 -0.721355 0.688174 0.391768 1 0.0003 -0.8059 0.5921
-0.600018 -0.721355 0.688174 0.536077 0.25 -0.0613 -0.8414 0.5369
-0.600018 -0.742659 0.646363 0.567567 0.138905 -0.0667 -0.9679 0.2424
0.600011 -0.742659 0.646363 0.432411 0.13882 0.0033 -0.95 0.3124
-0.600018 -0.742659 0.646363 0.567567 0.138905 -0.0667 -0.9679 0.2424
-0.600018 -0.749999 0.600015 0.600003 0.024997 -0.1422 -0.9785 0.1494
0.600011 -0.749999 0.600015 0.399998 0.024997 0.0055 -1 0.0055
0.749996 0.600015 0.600015 0.350003 0.774997 1 0.0057 0.0057
0.742657 0.600015 0.646363 0.360442 0.774311 0.9268 0.0732 0.3684
0.742657 -0.600015 0.646363 0.360051 0.967326 0.9515 -0.0031 0.3075
0.742657 0.600015 0.646363 0.360442 0.774311 0.9268 0.0732 0.3684
0.721348 0.600015 0.688174 0.370596 0.773986 0.7685 0.0638 0.6367
0.721348 -0.600015 0.688174 0.370003 0.959481 0.8087 -0.0002 0.5882
0.721348 0.600015 0.688174 0.370596 0.773986 0.7685 0.0638 0.6367
0.688169 0.600015 0.721356 0.380534 0.774077 0.5366 0.0613 0.8416
0.688169 -0.600015 0.721356 0.379944 0.953604 0.5921 0 0.8059
0.688169 0.600015 0.721356 0.380534 0.774077 0.5366 0.0613 0.8416
0.646359 0.600015 0.742659 0.390307 0.774446 0.2424 0.0667 0.9679
0.646359 -0.600015 0.742659 0.38992 0.960599 0.3124 -0.0033 0.95
0.646359 0.600015 0.742659 0.390307 0.774446 0.2424 0.0667 0.9679
0.600011 0.600015 0.75 0.399998 0.774997 0.1496 0.1424 0.9784
0.600011 -0.600015 0.75 0.399998 0.975002 0.0057 -0.0057 1
-0.750004 -0.600014 -0.600015 0.850002 0.975002 -1 -0.0055 -0.0055
-0.742665 -0.646362 -0.600015 0.855589 0.987597 -0.9268 -0.3683 -0.0731
-0.742665 -0.646362 0.600015 0.647268 0.987506 -0.9516 -0.3075 0.0031
-0.742665 -0.646362 -0.600015 0.855589 0.987597 -0.9268 -0.3683 -0.0731
-0.721362 -0.688173 -0.600015 0.861049 1 -0.7682 -0.637 -0.0638
-0.721362 -0.688174 0.600015 0.644586 1 -0.8087 -0.5882 -0.0002
-0.721362 -0.688173 -0.600015 0.62035 0.25 -0.7682 -0.637 -0.0638
-0.68818 -0.721355 -0.600015 0.613483 0.241757 -0.5369 -0.8414 -0.0613
-0.68818 -0.721355 0.600015 0.564395 0.179013 -0.592 -0.8059 0.0003
-0.68818 -0.721355 -0.600015 0.613483 0.241757 -0.5369 -0.8414 -0.0613
-0.646366 -0.742658 -0.600015 0.606709 0.233442 -0.2424 -0.9679 -0.0667
-0.646366 -0.742659 0.600015 0.581451 0.104822 -0.3124 -0.95 0.0033
-0.646366 -0.742658 -0.600015 0.606709 0.233442 -0.2424 -0.9679 -0.0667
-0.600018 -0.749999 -0.600015 0.600003 0.225003 -0.1469 -0.9784 -0.1452
-0.600018 -0.749999 0.600015 0.600003 0.024997 -0.1422 -0.9785 0.1494
-0.600018 0.600015 0.75 0.600003 0.774997 -0.0057 0.0057 1
-0.646366 0.600015 0.742659 0.609693 0.774533 -0.3684 0.0731 0.9268
-0.646366 -0.600015 0.742659 0.610082 0.975391 -0.3075 -0.003 0.9515
-0.646366 0.600015 0.742659 0.609693 0.774533 -0.3684 0.0731 0.9268
-0.68818 0.600015 0.721356 0.619469 0.774216 -0.6367 0.0638 0.7685
-0.68818 -0.600015 0.721356 0.620055 0.975709 -0.5882 -0.0002 0.8087
-0.68818 0.600015 0.721356 0.619469 0.774216 -0.6367 0.0638 0.7685
-0.721362 0.600015 0.688174 0.629406 0.774114 -0.8416 0.0613 0.5366
-0.721362 -0.600015 0.688174 0.629996 0.975833 -0.8059 0.0001 0.5921
-0.721362 0.600015 0.688174 0.629406 0.774114 -0.8416 0.0613 0.5366
-0.742665 0.600015 0.646363 0.639558 0.774387 -0.9679 0.0667 0.2424
-0.742665 -0.600015 0.646363 0.63995 0.975588 -0.95 -0.0033 0.3123
-0.742665 0.600015 0.646363 0.639558 0.774387 -0.9679 0.0667 0.2424
-0.750004 0.600015 0.600015 0.649997 0.774997 -0.9784 0.1424 0.1496
-0.750004 -0.600015 0.600015 0.649997 0.975002 -1 -0.0057 0.0057
0.749996 0.600016 -0.600015 0.149998 0.774997 1 0.0055 -0.0055
0.742657 0.646364 -0.600015 0.144572 0.762403 0.9268 0.3684 -0.0732
0.742657 0.646363 0.600015 0.355394 0.762491 0.9515 0.3075 0.0031
0.742657 0.646364 -0.600015 0.144572 0.762403 0.9268 0.3684 -0.0732
0.721348 0.688175 -0.600015 0.139273 0.75 0.7685 0.6367 -0.0638
0.721348 0.688174 0.600015 0.360727 0.75 0.8087 0.5882 0.0002
0.721348 0.688175 -0.600015 0.375 0.514273 0.7685 0.6367 -0.0638
0.688169 0.721356 -0.600015 0.383389 0.517849 0.5366 0.8416 -0.0613
0.688169 0.721356 0.600015 0.383383 0.732165 0.5921 0.8059 -0
0.688169 0.721356 -0.600015 0.383389 0.517849 0.5366 0.8416 -0.0613
0.646359 0.74266 -0.600015 0.391715 0.521404 0.2425 0.9679 -0.0667
0.646359 0.74266 0.600015 0.391709 0.728608 0.3124 0.9499 0.0033
0.646359 0.74266 -0.600015 0.391715 0.521404 0.2425 0.9679 -0.0667
0.600011 0.750001 -0.600015 0.399998 0.524998 0.1496 0.9784 -0.1424
0.600011 0.750001 0.600015 0.399998 0.725003 0.0085 1 0.003
-0.600018 0.750001 0.600015 0.600003 0.725003 -0.0055 1 0.0055
-0.600018 0.74266 0.646363 0.60006 0.735175 -0.0732 0.9268 0.3684
0.600011 0.74266 0.646363 0.399942 0.735174 0.0031 0.9515 0.3075
-0.600018 0.74266 0.646363 0.60006 0.735175 -0.0732 0.9268 0.3684
-0.600018 0.721356 0.688174 0.600106 0.745197 -0.0638 0.7682 0.637
0.600011 0.721356 0.688174 0.399895 0.745192 -0.0001 0.8087 0.5882
-0.600018 0.721356 0.688174 0.600106 0.745197 -0.0638 0.7682 0.637
-0.600018 0.688174 0.721356 0.600125 0.755145 -0.0613 0.5369 0.8414
0.600011 0.688174 0.721356 0.399876 0.75514 0.0003 0.5921 0.8059
-0.600018 0.688174 0.721356 0.600125 0.755145 -0.0613 0.5369 0.8414
-0.600018 0.646363 0.742659 0.600098 0.76507 -0.0667 0.2424 0.9679
0.600011 0.646363 0.742659 0.399904 0.765065 0.0033 0.3124 0.95
-0.600018 0.646363 0.742659 0.600098 0.76507 -0.0667 0.2424 0.9679
-0.600018 0.600015 0.75 0.600003 0.774997 -0.0057 0.0057 1
0.600011 0.600015 0.75 0.399998 0.774997 0.1496 0.1424 0.9784
-0.600018 0.750001 -0.600015 0.600003 0.524998 -0.0057 1 -0.0057
-0.646366 0.74266 -0.600015 0.608287 0.521405 -0.3684 0.9268 -0.0732
-0.646366 0.74266 0.600015 0.608292 0.728609 -0.3075 0.9515 0.003
-0.646366 0.74266 -0.600015 0.608287 0.521405 -0.3684 0.9268 -0.0732
-0.68818 0.721356 -0.600015 0.616612 0.517848 -0.6367 0.7685 -0.0638
-0.68818 0.721356 0.600015 0.616617 0.732165 -0.5882 0.8087 0.0002
-0.68818 0.721356 -0.600015 0.616612 0.517848 -0.6367 0.7685 -0.0638
-0.721362 0.688175 -0.600015 0.625 0.514273 -0.8416 0.5366 -0.0613
-0.721362 0.688174 0.600015 0.625 0.735727 -0.8059 0.5921 -0.0001
-0.721362 0.688175 -0.600015 0.860727 0.75 -0.8416 0.5366 -0.0613
-0.742665 0.646364 -0.600015 0.855432 0.762398 -0.9679 0.2424 -0.0667
-0.742665 0.646363 0.600015 0.644607 0.76249 -0.95 0.3123 0.0033
-0.742665 0.646364 -0.600015 0.855432 0.762398 -0.9679 0.2424 -0.0667
-0.750004 0.600016 -0.600015 0.850002 0.774997 -0.9785 0.1494 -0.1422
-0.750004 0.600015 0.600015 0.649997 0.774997 -0.9784 0.1424 0.1496
0.749996 -0.600014 -0.600015 0.149998 0.975002 0.9785 -0.1468 -0.1451
0.742657 -0.600014 -0.646363 0.1374 0.980428 0.9268 -0.0732 -0.3684
0.742657 0.600016 -0.646363 0.137398 0.769568 0.9515 0.0031 -0.3075
0.742657 -0.600014 -0.646363 0.1374 0.980428 0.9268 -0.0732 -0.3684
0.721348 -0.600014 -0.688174 0.125 0.985727 0.7684 -0.0638 -0.6368
0.721348 0.600016 -0.688174 0.125 0.764273 0.8087 0.0002 -0.5882
0.721348 -0.600014 -0.688174 0.375 0.264273 0.7684 -0.0638 -0.6368
0.688169 -0.600014 -0.721356 0.383395 0.267868 0.5366 -0.0613 -0.8416
0.688169 0.600016 -0.721355 0.383389 0.482152 0.5921 -0 -0.8059
0.688169 -0.600014 -0.721356 0.383395 0.267868 0.5366 -0.0613 -0.8416
0.646359 -0.600014 -0.742659 0.391721 0.271423 0.2425 -0.0667 -0.9679
0.646359 0.600016 -0.742659 0.391714 0.478595 0.3124 0.0033 -0.9499
0.646359 -0.600014 -0.742659 0.391721 0.271423 0.2425 -0.0667 -0.9679
0.600011 -0.600014 -0.75 0.399998 0.274998 0.1496 -0.1424 -0.9784
0.600011 0.600016 -0.75 0.399998 0.475003 0.0085 0.003 -1
-0.600018 0.600016 -0.75 0.600003 0.475003 -0.0055 0.0055 -1
-0.600018 0.646364 -0.742659 0.600027 0.485097 -0.0731 0.3684 -0.9268
0.600011 0.646364 -0.742659 0.399975 0.485098 0.003 0.3075 -0.9515
-0.600018 0.646364 -0.742659 0.600027 0.485097 -0.0731 0.3684 -0.9268
-0.600018 0.688175 -0.721355 0.600043 0.495049 -0.0638 0.6367 -0.7685
0.600011 0.688175 -0.721355 0.399958 0.495047 0.0002 0.5882 -0.8087
-0.600018 0.688175 -0.721355 0.600043 0.495049 -0.0638 0.6367 -0.7685
-0.600018 0.721356 -0.688174 0.600044 0.504954 -0.0613 0.8416 -0.5366
0.600011 0.721356 -0.688174 0.399958 0.504951 -0 0.8059 -0.5921
-0.600018 0.721356 -0.688174 0.600044 0.504954 -0.0613 0.8416 -0.5366
-0.600018 0.74266 -0.646363 0.600027 0.514902 -0.0667 0.9679 -0.2424
0.600011 0.74266 -0.646363 0.399974 0.514903 0.0033 0.9499 -0.3124
-0.600018 0.74266 -0.646363 0.600027 0.514902 -0.0667 0.9679 -0.2424
-0.600018 0.750001 -0.600015 0.600003 0.524998 -0.0057 1 -0.0057
0.600011 0.750001 -0.600015 0.399998 0.524998 0.1496 0.9784 -0.1424
-0.600018 -0.600014 -0.75 0.600003 0.274998 -0.0057 -0.0057 -1
-0.646366 -0.600014 -0.742659 0.60828 0.271424 -0.3684 -0.0731 -0.9268
-0.646366 0.600016 -0.742659 0.608286 0.478596 -0.3075 0.003 -0.9515
-0.646366 -0.600014 -0.742659 0.60828 0.271424 -0.3684 -0.0731 -0.9268
-0.68818 -0.600014 -0.721356 0.616605 0.267868 -0.6367 -0.0638 -0.7685
-0.68818 0.600016 -0.721355 0.616612 0.482151 -0.5882 0.0002 -0.8087
-0.68818 -0.600014 -0.721356 0.616605 0.267868 -0.6367 -0.0638 -0.7685
-0.721362 -0.600014 -0.688174 0.625 0.264273 -0.8416 -0.0613 -0.5366
-0.721362 0.600016 -0.688174 0.625 0.485727 -0.8059 -0.0001 -0.5921
-0.721362 -0.600014 -0.688174 0.875 0.985727 -0.8416 -0.0613 -0.5366
-0.742665 -0.600014 -0.646363 0.862605 0.980432 -0.9679 -0.0667 -0.2424
-0.742665 0.600016 -0.646363 0.862597 0.769572 -0.95 0.0033 -0.3123
-0.742665 -0.600014 -0.646363 0.862605 0.980432 -0.9679 -0.0667 -0.2424
-0.750004 -0.600014 -0.600015 0.850002 0.975002 -1 -0.0055 -0.0055
-0.750004 0.600016 -0.600015 0.850002 0.774997 -0.9785 0.1494 -0.1422
-0.600018 -0.749999 -0.600015 0.600003 0.225003 -0.1469 -0.9784 -0.1452
-0.600018 -0.742658 -0.646363 0.59995 0.235335 -0.0731 -0.9268 -0.3684
0.600011 -0.742658 -0.646363 0.400053 0.235341 0.003 -0.9515 -0.3075
-0.600018 -0.742658 -0.646363 0.59995 0.235335 -0.0731 -0.9268 -0.3684
-0.600018 -0.721355 -0.688174 0.599954 0.245326 -0.0638 -0.7685 -0.6367
0.600011 -0.721355 -0.688174 0.400046 0.245322 0.0002 -0.8087 -0.5882
-0.600018 -0.721355 -0.688174 0.599954 0.245326 -0.0638 -0.7685 -0.6367
-0.600018 -0.688173 -0.721356 0.599976 0.255166 -0.0613 -0.5366 -0.8416
0.600011 -0.688173 -0.721356 0.400026 0.255163 -0 -0.5921 -0.8059
-0.600018 -0.688173 -0.721356 0.599976 0.255166 -0.0613 -0.5366 -0.8416
-0.600018 -0.646362 -0.742659 0.599991 0.265014 -0.0667 -0.2424 -0.9679
0.600011 -0.646362 -0.742659 0.40001 0.265016 0.0033 -0.3124 -0.9499
-0.600018 -0.646362 -0.742659 0.599991 0.265014 -0.0667 -0.2424 -0.9679
-0.600018 -0.600014 -0.75 0.600003 0.274998 -0.0057 -0.0057 -1
0.600011 -0.600014 -0.75 0.399998 0.274998 0.1496 -0.1424 -0.9784
0.600011 0.600015 0.75 0.399998 0.774997 0.1496 0.1424 0.9784
-0.600018 0.600015 0.75 0.600003 0.774997 -0.0057 0.0057 1
-0.600018 -0.600015 0.75 0.600003 0.975002 -0.0055 -0.0055 1
0.600011 0.750001 -0.600015 0.399998 0.524998 0.1496 0.9784 -0.1424
-0.600018 0.750001 -0.600015 0.600003 0.524998 -0.0057 1 -0.0057
-0.600018 0.750001 0.600015 0.600003 0.725003 -0.0055 1 0.0055
0.600011 -0.600014 -0.75 0.399998 0.274998 0.1496 -0.1424 -0.9784
-0.600018 -0.600014 -0.75 0.600003 0.274998 -0.0057 -0.0057 -1
-0.600018 0.600016 -0.75 0.600003 0.475003 -0.0055 0.0055 -1
0.600011 -0.749999 0.600015 0.399998 0.024997 0.0055 -1 0.0055
-0.600018 -0.749999 0.600015 0.600003 0.024997 -0.1422 -0.9785 0.1494
-0.600018 -0.749999 -0.600015 0.600003 0.225003 -0.1469 -0.9784 -0.1452
-0.750004 0.600015 0.600015 0.649997 0.774997 -0.9784 0.1424 0.1496
-0.750004 0.600016 -0.600015 0.850002 0.774997 -0.9785 0.1494 -0.1422
-0.750004 -0.600014 -0.600015 0.850002 0.975002 -1 -0.0055 -0.0055
0.749996 0.600016 -0.600015 0.149998 0.774997 1 0.0055 -0.0055
0.749996 0.600015 0.600015 0.350003 0.774997 1 0.0057 0.0057
0.749996 -0.600015 0.600015 0.350003 0.975002 1 -0.0084 0.0028
0.736923 -0.6433 0.643301 0.361015 0.976817 0.918 -0.2804 0.2804
0.742657 -0.646362 0.600015 0.352731 0.987142 0.9499 -0.3124 0.0033
0.749996 -0.600015 0.600015 0.350003 0.975002 1 -0.0084 0.0028
0.718403 -0.684527 0.636086 0.361976 1 0.7841 -0.569 0.2479
0.721348 -0.688174 0.600015 0.355414 1 0.8059 -0.5921 0.0003
0.742657 -0.646362 0.600015 0.352731 0.987142 0.9499 -0.3124 0.0033
0.688169 -0.721355 0.600015 0.435598 0.178983 0.5882 -0.8087 -0.0001
0.721348 -0.688174 0.600015 0.451805 0.25 0.8059 -0.5921 0.0003
0.718403 -0.684527 0.636086 0.453992 0.25 0.7841 -0.569 0.2479
0.646359 -0.742659 0.600015 0.418572 0.104905 0.3075 -0.9515 0.003
0.688169 -0.721355 0.600015 0.435598 0.178983 0.5882 -0.8087 -0.0001
0.684521 -0.71841 0.636086 0.445763 0.209213 0.569 -0.7841 0.2479
0.643297 -0.736928 0.643301 0.438613 0.171841 0.2804 -0.918 0.2804
0.600011 -0.742659 0.646363 0.432411 0.13882 0.0033 -0.95 0.3124
0.600011 -0.749999 0.600015 0.399998 0.024997 0.0055 -1 0.0055
0.636079 -0.71841 0.684528 0.461736 0.25 0.2479 -0.7841 0.569
0.600011 -0.721355 0.688174 0.463923 0.25 0.0003 -0.8059 0.5921
0.600011 -0.742659 0.646363 0.432411 0.13882 0.0033 -0.95 0.3124
0.600011 -0.688174 0.721356 0.394477 0.980337 -0.0001 -0.5882 0.8087
0.600011 -0.721355 0.688174 0.391768 1 0.0003 -0.8059 0.5921
0.636079 -0.71841 0.684528 0.385207 1 0.2479 -0.7841 0.569
0.600011 -0.646362 0.742659 0.397206 0.973994 0.003 -0.3075 0.9515
0.600011 -0.688174 0.721356 0.394477 0.980337 -0.0001 -0.5882 0.8087
0.636079 -0.684527 0.718411 0.387829 0.847566 0.2478 -0.569 0.7841
0.643297 -0.6433 0.736929 0.388805 0.880861 0.2804 -0.2804 0.918
0.646359 -0.600015 0.742659 0.38992 0.960599 0.3124 -0.0033 0.95
0.600011 -0.600015 0.75 0.399998 0.975002 0.0057 -0.0057 1
0.684521 -0.636086 0.718411 0.379824 0.825882 0.569 -0.2479 0.7841
0.688169 -0.600015 0.721356 0.379944 0.953604 0.5921 0 0.8059
0.646359 -0.600015 0.742659 0.38992 0.960599 0.3124 -0.0033 0.95
0.718403 -0.636086 0.684528 0.369897 0.947147 0.7841 -0.2479 0.569
0.721348 -0.600015 0.688174 0.370003 0.959481 0.8087 -0.0002 0.5882
0.688169 -0.600015 0.721356 0.379944 0.953604 0.5921 0 0.8059
0.742657 -0.600015 0.646363 0.360051 0.967326 0.9515 -0.0031 0.3075
0.721348 -0.600015 0.688174 0.370003 0.959481 0.8087 -0.0002 0.5882
0.718403 -0.636086 0.684528 0.369897 0.947147 0.7841 -0.2479 0.569
0.707212 -0.674087 0.674088 0.369365 1 0.7194 -0.4912 0.4912
0.718403 -0.684527 0.636086 0.361976 1 0.7841 -0.569 0.2479
0.736923 -0.6433 0.643301 0.361015 0.976817 0.918 -0.2804 0.2804
0.684521 -0.71841 0.636086 0.445763 0.209213 0.569 -0.7841 0.2479
0.718403 -0.684527 0.636086 0.453992 0.25 0.7841 -0.569 0.2479
0.707212 -0.674087 0.674088 0.456455 0.25 0.7194 -0.4912 0.4912
0.674081 -0.707219 0.674088 0.459272 0.25 0.4912 -0.7193 0.4912
0.636079 -0.71841 0.684528 0.461736 0.25 0.2479 -0.7841 0.569
0.643297 -0.736928 0.643301 0.438613 0.171841 0.2804 -0.918 0.2804
0.674081 -0.674087 0.70722 0.379904 0.51854 0.4912 -0.4912 0.7194
0.636079 -0.684527 0.718411 0.387829 0.847566 0.2478 -0.569 0.7841
0.636079 -0.71841 0.684528 0.385207 1 0.2479 -0.7841 0.569
0.674081 -0.674087 0.70722 0.379904 0.51854 0.4912 -0.4912 0.7194
0.684521 -0.636086 0.718411 0.379824 0.825882 0.569 -0.2479 0.7841
0.643297 -0.6433 0.736929 0.388805 0.880861 0.2804 -0.2804 0.918
0.718403 -0.636086 0.684528 0.369897 0.947147 0.7841 -0.2479 0.569
0.684521 -0.636086 0.718411 0.379824 0.825882 0.569 -0.2479 0.7841
0.674081 -0.674087 0.70722 0.379904 0.51854 0.4912 -0.4912 0.7194
-0.643304 -0.736928 0.643301 0.561436 0.171668 -0.2803 -0.9181 0.2803
-0.646366 -0.742659 0.600015 0.581451 0.104822 -0.3124 -0.95 0.0033
-0.600018 -0.749999 0.600015 0.600003 0.024997 -0.1422 -0.9785 0.1494
-0.684536 -0.71841 0.636086 0.554452 0.208384 -0.569 -0.7841 0.2479
-0.68818 -0.721355 0.600015 0.564395 0.179013 -0.592 -0.8059 0.0003
-0.646366 -0.742659 0.600015 0.581451 0.104822 -0.3124 -0.95 0.0033
-0.721362 -0.688174 0.600015 0.548195 0.25 -0.8087 -0.5882 -0.0002
-0.68818 -0.721355 0.600015 0.564395 0.179013 -0.592 -0.8059 0.0003
-0.684536 -0.71841 0.636086 0.554452 0.208384 -0.569 -0.7841 0.2479
-0.742665 -0.646362 0.600015 0.647268 0.987506 -0.9516 -0.3075 0.0031
-0.721362 -0.688174 0.600015 0.644586 1 -0.8087 -0.5882 -0.0002
-0.718418 -0.684527 0.636086 0.638024 1 -0.7841 -0.569 0.2479
-0.736934 -0.6433 0.643301 0.638981 0.987335 -0.918 -0.2803 0.2803
-0.742665 -0.600015 0.646363 0.63995 0.975588 -0.95 -0.0033 0.3123
-0.750004 -0.600015 0.600015 0.649997 0.975002 -1 -0.0057 0.0057
-0.718418 -0.636086 0.684528 0.630125 0.985852 -0.7841 -0.2479 0.569
-0.721362 -0.600015 0.688174 0.629996 0.975833 -0.8059 0.0001 0.5921
-0.742665 -0.600015 0.646363 0.63995 0.975588 -0.95 -0.0033 0.3123
-0.684536 -0.636086 0.718411 0.620195 0.983787 -0.569 -0.2479 0.7841
-0.68818 -0.600015 0.721356 0.620055 0.975709 -0.5882 -0.0002 0.8087
-0.721362 -0.600015 0.688174 0.629996 0.975833 -0.8059 0.0001 0.5921
-0.646366 -0.600015 0.742659 0.610082 0.975391 -0.3075 -0.003 0.9515
-0.68818 -0.600015 0.721356 0.620055 0.975709 -0.5882 -0.0002 0.8087
-0.684536 -0.636086 0.718411 0.620195 0.983787 -0.569 -0.2479 0.7841
-0.643304 -0.6433 0.736929 0.611193 0.983764 -0.2803 -0.2804 0.918
-0.600018 -0.646362 0.742659 0.602794 0.983359 -0.0731 -0.3684 0.9268
-0.600018 -0.600015 0.75 0.600003 0.975002 -0.0055 -0.0055 1
-0.636094 -0.684527 0.718411 0.612163 0.992094 -0.2478 -0.569 0.7841
-0.600018 -0.688174 0.721356 0.605524 0.991692 -0.0638 -0.637 0.7682
-0.600018 -0.646362 0.742659 0.602794 0.983359 -0.0731 -0.3684 0.9268
-0.636094 -0.71841 0.684528 0.614793 1 -0.2479 -0.7841 0.569
-0.600018 -0.721355 0.688174 0.608232 1 -0.0613 -0.8414 0.5369
-0.600018 -0.688174 0.721356 0.605524 0.991692 -0.0638 -0.637 0.7682
-0.600018 -0.742659 0.646363 0.567567 0.138905 -0.0667 -0.9679 0.2424
-0.600018 -0.721355 0.688174 0.536077 0.25 -0.0613 -0.8414 0.5369
-0.636094 -0.71841 0.684528 0.538264 0.25 -0.2479 -0.7841 0.569
-0.674092 -0.707219 0.674088 0.540727 0.25 -0.4912 -0.7193 0.4912
-0.684536 -0.71841 0.636086 0.554452 0.208384 -0.569 -0.7841 0.2479
-0.643304 -0.736928 0.643301 0.561436 0.171668 -0.2803 -0.9181 0.2803
-0.707227 -0.674087 0.674088 0.543545 0.25 -0.7194 -0.4912 0.4912
-0.718418 -0.684527 0.636086 0.546008 0.25 -0.7841 -0.569 0.2479
-0.684536 -0.71841 0.636086 0.554452 0.208384 -0.569 -0.7841 0.2479
-0.707227 -0.674087 0.674088 0.630635 1 -0.7194 -0.4912 0.4912
-0.718418 -0.636086 0.684528 0.630125 0.985852 -0.7841 -0.2479 0.569
-0.736934 -0.6433 0.643301 0.638981 0.987335 -0.918 -0.2803 0.2803
-0.684536 -0.636086 0.718411 0.620195 0.983787 -0.569 -0.2479 0.7841
-0.718418 -0.636086 0.684528 0.630125 0.985852 -0.7841 -0.2479 0.569
-0.707227 -0.674087 0.674088 0.630635 1 -0.7194 -0.4912 0.4912
-0.674092 -0.674087 0.70722 0.620098 0.993328 -0.4912 -0.4912 0.7194
-0.636094 -0.684527 0.718411 0.612163 0.992094 -0.2478 -0.569 0.7841
-0.643304 -0.6433 0.736929 0.611193 0.983764 -0.2803 -0.2804 0.918
-0.636094 -0.71841 0.684528 0.614793 1 -0.2479 -0.7841 0.569
-0.636094 -0.684527 0.718411 0.612163 0.992094 -0.2478 -0.569 0.7841
-0.674092 -0.674087 0.70722 0.620098 0.993328 -0.4912 -0.4912 0.7194
0.643297 0.736929 0.643301 0.392369 0.736878 0.2804 0.918 0.2804
0.646359 0.74266 0.600015 0.391709 0.728608 0.3124 0.9499 0.0033
0.600011 0.750001 0.600015 0.399998 0.725003 0.0085 1 0.003
0.684521 0.718411 0.636087 0.384192 0.738614 0.569 0.7841 0.2479
0.688169 0.721356 0.600015 0.383383 0.732165 0.5921 0.8059 -0
0.646359 0.74266 0.600015 0.391709 0.728608 0.3124 0.9499 0.0033
0.718403 0.684528 0.636087 0.375 0.74244 0.7841 0.569 0.2479
0.721348 0.688174 0.600015 0.375 0.735727 0.8087 0.5882 0.0002
0.688169 0.721356 0.600015 0.383383 0.732165 0.5921 0.8059 -0
0.742657 0.646363 0.600015 0.355394 0.762491 0.9515 0.3075 0.0031
0.721348 0.688174 0.600015 0.360727 0.75 0.8087 0.5882 0.0002
0.718403 0.684528 0.636087 0.36744 0.75 0.7841 0.569 0.2479
0.736923 0.643301 0.643301 0.363847 0.762608 0.918 0.2804 0.2804
0.742657 0.600015 0.646363 0.360442 0.774311 0.9268 0.0732 0.3684
0.749996 0.600015 0.600015 0.350003 0.774997 1 0.0057 0.0057
0.718403 0.636087 0.684528 0.372603 0.763983 0.7841 0.2479 0.569
0.721348 0.600015 0.688174 0.370596 0.773986 0.7685 0.0638 0.6367
0.742657 0.600015 0.646363 0.360442 0.774311 0.9268 0.0732 0.3684
0.688169 0.600015 0.721356 0.380534 0.774077 0.5366 0.0613 0.8416
0.721348 0.600015 0.688174 0.370596 0.773986 0.7685 0.0638 0.6367
0.718403 0.636087 0.684528 0.372603 0.763983 0.7841 0.2479 0.569
0.646359 0.600015 0.742659 0.390307 0.774446 0.2424 0.0667 0.9679
0.688169 0.600015 0.721356 0.380534 0.774077 0.5366 0.0613 0.8416
0.684521 0.636087 0.718412 0.382453 0.765752 0.569 0.2478 0.7841
0.643297 0.643301 0.736929 0.391588 0.765219 0.2804 0.2804 0.918
0.600011 0.646363 0.742659 0.399904 0.765065 0.0033 0.3124 0.95
0.600011 0.600015 0.75 0.399998 0.774997 0.1496 0.1424 0.9784
0.636079 0.684528 0.718412 0.393231 0.75563 0.2478 0.569 0.7841
0.600011 0.688174 0.721356 0.399876 0.75514 0.0003 0.5921 0.8059
0.600011 0.646363 0.742659 0.399904 0.765065 0.0033 0.3124 0.95
0.600011 0.721356 0.688174 0.399895 0.745192 -0.0001 0.8087 0.5882
0.600011 0.688174 0.721356 0.399876 0.75514 0.0003 0.5921 0.8059
0.636079 0.684528 0.718412 0.393231 0.75563 0.2478 0.569 0.7841
0.600011 0.74266 0.646363 0.399942 0.735174 0.0031 0.9515 0.3075
0.600011 0.721356 0.688174 0.399895 0.745192 -0.0001 0.8087 0.5882
0.636079 0.718411 0.684528 0.393468 0.745708 0.2478 0.7841 0.569
0.674081 0.70722 0.674088 0.385707 0.745996 0.4912 0.7194 0.4912
0.684521 0.718411 0.636087 0.384192 0.738614 0.569 0.7841 0.2479
0.643297 0.736929 0.643301 0.392369 0.736878 0.2804 0.918 0.2804
0.718403 0.684528 0.636087 0.375 0.74244 0.7841 0.569 0.2479
0.684521 0.718411 0.636087 0.384192 0.738614 0.569 0.7841 0.2479
0.674081 0.70722 0.674088 0.385707 0.745996 0.4912 0.7194 0.4912
0.707212 0.674088 0.674088 0.375 0.75 0.7193 0.4912 0.4912
0.718403 0.636087 0.684528 0.372603 0.763983 0.7841 0.2479 0.569
0.736923 0.643301 0.643301 0.363847 0.762608 0.918 0.2804 0.2804
0.674081 0.674088 0.70722 0.385213 0.756103 0.4912 0.4912 0.7194
0.684521 0.636087 0.718412 0.382453 0.765752 0.569 0.2478 0.7841
0.718403 0.636087 0.684528 0.372603 0.763983 0.7841 0.2479 0.569
0.674081 0.674088 0.70722 0.385213 0.756103 0.4912 0.4912 0.7194
0.636079 0.684528 0.718412 0.393231 0.75563 0.2478 0.569 0.7841
0.643297 0.643301 0.736929 0.391588 0.765219 0.2804 0.2804 0.918
0.636079 0.718411 0.684528 0.393468 0.745708 0.2478 0.7841 0.569
0.636079 0.684528 0.718412 0.393231 0.75563 0.2478 0.569 0.7841
0.674081 0.674088 0.70722 0.385213 0.756103 0.4912 0.4912 0.7194
-0.736934 0.643301 0.643301 0.636159 0.76265 -0.918 0.2803 0.2803
-0.742665 0.646363 0.600015 0.644607 0.76249 -0.95 0.3123 0.0033
-0.750004 0.600015 0.600015 0.649997 0.774997 -0.9784 0.1424 0.1496
-0.718418 0.684528 0.636087 0.63256 0.75 -0.7841 0.569 0.2478
-0.721362 0.688174 0.600015 0.639273 0.75 -0.8059 0.5921 -0.0001
-0.742665 0.646363 0.600015 0.644607 0.76249 -0.95 0.3123 0.0033
-0.684536 0.718411 0.636087 0.615808 0.738628 -0.569 0.7841 0.2479
-0.68818 0.721356 0.600015 0.616617 0.732165 -0.5882 0.8087 0.0002
-0.721362 0.688174 0.600015 0.625 0.735727 -0.8059 0.5921 -0.0001
-0.646366 0.74266 0.600015 0.608292 0.728609 -0.3075 0.9515 0.003
-0.68818 0.721356 0.600015 0.616617 0.732165 -0.5882 0.8087 0.0002
-0.684536 0.718411 0.636087 0.615808 0.738628 -0.569 0.7841 0.2479
-0.643304 0.736929 0.643301 0.607631 0.736887 -0.2803 0.918 0.2804
-0.600018 0.74266 0.646363 0.60006 0.735175 -0.0732 0.9268 0.3684
-0.600018 0.750001 0.600015 0.600003 0.725003 -0.0055 1 0.0055
-0.636094 0.718411 0.684528 0.60654 0.745698 -0.2479 0.7841 0.569
-0.600018 0.721356 0.688174 0.600106 0.745197 -0.0638 0.7682 0.637
-0.600018 0.74266 0.646363 0.60006 0.735175 -0.0732 0.9268 0.3684
-0.636094 0.684528 0.718412 0.606781 0.755649 -0.2478 0.569 0.7841
-0.600018 0.688174 0.721356 0.600125 0.755145 -0.0613 0.5369 0.8414
-0.600018 0.721356 0.688174 0.600106 0.745197 -0.0638 0.7682 0.637
-0.600018 0.646363 0.742659 0.600098 0.76507 -0.0667 0.2424 0.9679
-0.600018 0.688174 0.721356 0.600125 0.755145 -0.0613 0.5369 0.8414
-0.636094 0.684528 0.718412 0.606781 0.755649 -0.2478 0.569 0.7841
-0.643304 0.643301 0.736929 0.608417 0.765278 -0.2803 0.2804 0.918
-0.646366 0.600015 0.742659 0.609693 0.774533 -0.3684 0.0731 0.9268
-0.600018 0.600015 0.75 0.600003 0.774997 -0.0057 0.0057 1
-0.684536 0.636087 0.718412 0.617528 0.765809 -0.569 0.2479 0.7841
-0.68818 0.600015 0.721356 0.619469 0.774216 -0.6367 0.0638 0.7685
-0.646366 0.600015 0.742659 0.609693 0.774533 -0.3684 0.0731 0.9268
-0.721362 0.600015 0.688174 0.629406 0.774114 -0.8416 0.0613 0.5366
-0.68818 0.600015 0.721356 0.619469 0.774216 -0.6367 0.0638 0.7685
-0.684536 0.636087 0.718412 0.617528 0.765809 -0.569 0.2479 0.7841
-0.742665 0.600015 0.646363 0.639558 0.774387 -0.9679 0.0667 0.2424
-0.721362 0.600015 0.688174 0.629406 0.774114 -0.8416 0.0613 0.5366
-0.718418 0.636087 0.684528 0.62738 0.764057 -0.7841 0.2478 0.569
-0.707227 0.674088 0.674088 0.625 0.75 -0.7194 0.4912 0.4912
-0.718418 0.684528 0.636087 0.63256 0.75 -0.7841 0.569 0.2478
-0.736934 0.643301 0.643301 0.636159 0.76265 -0.918 0.2803 0.2803
-0.684536 0.718411 0.636087 0.615808 0.738628 -0.569 0.7841 0.2479
-0.718418 0.684528 0.636087 0.625 0.74244 -0.7841 0.569 0.2478
-0.707227 0.674088 0.674088 0.625 0.75 -0.7194 0.4912 0.4912
-0.674092 0.70722 0.674088 0.614294 0.746003 -0.4912 0.7193 0.4912
-0.636094 0.718411 0.684528 0.60654 0.745698 -0.2479 0.7841 0.569
-0.643304 0.736929 0.643301 0.607631 0.736887 -0.2803 0.918 0.2804
-0.674092 0.674088 0.70722 0.614785 0.756129 -0.4912 0.4912 0.7194
-0.636094 0.684528 0.718412 0.606781 0.755649 -0.2478 0.569 0.7841
-0.636094 0.718411 0.684528 0.60654 0.745698 -0.2479 0.7841 0.569
-0.674092 0.674088 0.70722 0.614785 0.756129 -0.4912 0.4912 0.7194
-0.684536 0.636087 0.718412 0.617528 0.765809 -0.569 0.2479 0.7841
-0.643304 0.643301 0.736929 0.608417 0.765278 -0.2803 0.2804 0.918
-0.707227 0.674088 0.674088 0.625 0.75 -0.7194 0.4912 0.4912
-0.718418 0.636087 0.684528 0.62738 0.764057 -0.7841 0.2478 0.569
-0.684536 0.636087 0.718412 0.617528 0.765809 -0.569 0.2479 0.7841
0.643297 0.643302 -0.736928 0.392443 0.486707 0.2803 0.2803 -0.9181
0.646359 0.600016 -0.742659 0.391714 0.478595 0.3124 0.0033 -0.9499
0.600011 0.600016 -0.75 0.399998 0.475003 0.0085 0.003 -1
0.684521 0.636087 -0.718411 0.384261 0.488455 0.569 0.2478 -0.7841
0.688169 0.600016 -0.721355 0.383389 0.482152 0.5921 -0 -0.8059
0.646359 0.600016 -0.742659 0.391714 0.478595 0.3124 0.0033 -0.9499
0.718403 0.636087 -0.684528 0.375 0.49244 0.7841 0.2479 -0.569
0.721348 0.600016 -0.688174 0.375 0.485727 0.8087 0.0002 -0.5882
0.688169 0.600016 -0.721355 0.383389 0.482152 0.5921 -0 -0.8059
0.742657 0.600016 -0.646363 0.137398 0.769568 0.9515 0.0031 -0.3075
0.721348 0.600016 -0.688174 0.125 0.764273 0.8087 0.0002 -0.5882
0.718403 0.636087 -0.684528 0.125 0.75756 0.7841 0.2479 -0.569
0.736923 0.643302 -0.643301 0.135152 0.760138 0.918 0.2804 -0.2804
0.742657 0.646364 -0.600015 0.144572 0.762403 0.9268 0.3684 -0.0732
0.749996 0.600016 -0.600015 0.149998 0.774997 1 0.0055 -0.0055
0.718403 0.684529 -0.636086 0.13256 0.75 0.7841 0.569 -0.2479
0.721348 0.688175 -0.600015 0.139273 0.75 0.7685 0.6367 -0.0638
0.742657 0.646364 -0.600015 0.144572 0.762403 0.9268 0.3684 -0.0732
0.688169 0.721356 -0.600015 0.383389 0.517849 0.5366 0.8416 -0.0613
0.721348 0.688175 -0.600015 0.375 0.514273 0.7685 0.6367 -0.0638
0.718403 0.684529 -0.636086 0.375 0.50756 0.7841 0.569 -0.2479
0.646359 0.74266 -0.600015 0.391715 0.521404 0.2425 0.9679 -0.0667
0.688169 0.721356 -0.600015 0.383389 0.517849 0.5366 0.8416 -0.0613
0.684521 0.718412 -0.636086 0.384262 0.511535 0.569 0.7841 -0.2478
0.643297 0.736929 -0.643301 0.392442 0.513285 0.2804 0.918 -0.2804
0.600011 0.74266 -0.646363 0.399974 0.514903 0.0033 0.9499 -0.3124
0.600011 0.750001 -0.600015 0.399998 0.524998 0.1496 0.9784 -0.1424
0.636079 0.718412 -0.684528 0.393633 0.504707 0.2479 0.7841 -0.569
0.600011 0.721356 -0.688174 0.399958 0.504951 -0 0.8059 -0.5921
0.600011 0.74266 -0.646363 0.399974 0.514903 0.0033 0.9499 -0.3124
0.636079 0.684529 -0.718411 0.393635 0.495324 0.2478 0.569 -0.7841
0.600011 0.688175 -0.721355 0.399958 0.495047 0.0002 0.5882 -0.8087
0.600011 0.721356 -0.688174 0.399958 0.504951 -0 0.8059 -0.5921
0.600011 0.646364 -0.742659 0.399975 0.485098 0.003 0.3075 -0.9515
0.600011 0.688175 -0.721355 0.399958 0.495047 0.0002 0.5882 -0.8087
0.636079 0.684529 -0.718411 0.393635 0.495324 0.2478 0.569 -0.7841
0.674081 0.674088 -0.70722 0.385912 0.495523 0.4912 0.4912 -0.7194
0.684521 0.636087 -0.718411 0.384261 0.488455 0.569 0.2478 -0.7841
0.643297 0.643302 -0.736928 0.392443 0.486707 0.2803 0.2803 -0.9181
0.718403 0.636087 -0.684528 0.375 0.49244 0.7841 0.2479 -0.569
0.684521 0.636087 -0.718411 0.384261 0.488455 0.569 0.2478 -0.7841
0.674081 0.674088 -0.70722 0.385912 0.495523 0.4912 0.4912 -0.7194
0.707212 0.674088 -0.674088 0.125 0.75 0.7193 0.4912 -0.4912
0.718403 0.684529 -0.636086 0.13256 0.75 0.7841 0.569 -0.2479
0.736923 0.643302 -0.643301 0.135152 0.760138 0.918 0.2804 -0.2804
0.674081 0.70722 -0.674088 0.385911 0.504483 0.4912 0.7194 -0.4912
0.684521 0.718412 -0.636086 0.384262 0.511535 0.569 0.7841 -0.2478
0.718403 0.684529 -0.636086 0.375 0.50756 0.7841 0.569 -0.2479
0.674081 0.70722 -0.674088 0.385911 0.504483 0.4912 0.7194 -0.4912
0.636079 0.718412 -0.684528 0.393633 0.504707 0.2479 0.7841 -0.569
0.643297 0.736929 -0.643301 0.392442 0.513285 0.2804 0.918 -0.2804
0.636079 0.684529 -0.718411 0.393635 0.495324 0.2478 0.569 -0.7841
0.636079 0.718412 -0.684528 0.393633 0.504707 0.2479 0.7841 -0.569
0.674081 0.70722 -0.674088 0.385911 0.504483 0.4912 0.7194 -0.4912
-0.736934 0.643302 -0.643301 0.864863 0.760151 -0.918 0.2803 -0.2803
-0.742665 0.600016 -0.646363 0.862597 0.769572 -0.95 0.0033 -0.3123
-0.750004 0.600016 -0.600015 0.850002 0.774997 -0.9785 0.1494 -0.1422
-0.718418 0.636087 -0.684528 0.875 0.75756 -0.7841 0.2479 -0.569
-0.721362 0.600016 -0.688174 0.875 0.764273 -0.8059 -0.0001 -0.5921
-0.742665 0.600016 -0.646363 0.862597 0.769572 -0.95 0.0033 -0.3123
-0.684536 0.636087 -0.718411 0.615739 0.488465 -0.569 0.2479 -0.7841
-0.68818 0.600016 -0.721355 0.616612 0.482151 -0.5882 0.0002 -0.8087
-0.721362 0.600016 -0.688174 0.625 0.485727 -0.8059 -0.0001 -0.5921
-0.646366 0.600016 -0.742659 0.608286 0.478596 -0.3075 0.003 -0.9515
-0.68818 0.600016 -0.721355 0.616612 0.482151 -0.5882 0.0002 -0.8087
-0.684536 0.636087 -0.718411 0.615739 0.488465 -0.569 0.2479 -0.7841
-0.643304 0.643302 -0.736928 0.607559 0.486715 -0.2803 0.2804 -0.918
-0.600018 0.646364 -0.742659 0.600027 0.485097 -0.0731 0.3684 -0.9268
-0.600018 0.600016 -0.75 0.600003 0.475003 -0.0055 0.0055 -1
-0.636094 0.684529 -0.718411 0.606368 0.495293 -0.2479 0.569 -0.7841
-0.600018 0.688175 -0.721355 0.600043 0.495049 -0.0638 0.6367 -0.7685
-0.600018 0.646364 -0.742659 0.600027 0.485097 -0.0731 0.3684 -0.9268
-0.600018 0.721356 -0.688174 0.600044 0.504954 -0.0613 0.8416 -0.5366
-0.600018 0.688175 -0.721355 0.600043 0.495049 -0.0638 0.6367 -0.7685
-0.636094 0.684529 -0.718411 0.606368 0.495293 -0.2479 0.569 -0.7841
-0.600018 0.74266 -0.646363 0.600027 0.514902 -0.0667 0.9679 -0.2424
-0.600018 0.721356 -0.688174 0.600044 0.504954 -0.0613 0.8416 -0.5366
-0.636094 0.718412 -0.684528 0.606366 0.504676 -0.2479 0.7841 -0.569
-0.643304 0.736929 -0.643301 0.607558 0.513293 -0.2803 0.918 -0.2804
-0.646366 0.74266 -0.600015 0.608287 0.521405 -0.3684 0.9268 -0.0732
-0.600018 0.750001 -0.600015 0.600003 0.524998 -0.0057 1 -0.0057
-0.684536 0.718412 -0.636086 0.61574 0.511545 -0.569 0.7841 -0.2479
-0.68818 0.721356 -0.600015 0.616612 0.517848 -0.6367 0.7685 -0.0638
-0.646366 0.74266 -0.600015 0.608287 0.521405 -0.3684 0.9268 -0.0732
-0.721362 0.688175 -0.600015 0.625 0.514273 -0.8416 0.5366 -0.0613
-0.68818 0.721356 -0.600015 0.616612 0.517848 -0.6367 0.7685 -0.0638
-0.684536 0.718412 -0.636086 0.61574 0.511545 -0.569 0.7841 -0.2479
-0.742665 0.646364 -0.600015 0.855432 0.762398 -0.9679 0.2424 -0.0667
-0.721362 0.688175 -0.600015 0.860727 0.75 -0.8416 0.5366 -0.0613
-0.718418 0.684529 -0.636086 0.86744 0.75 -0.7841 0.569 -0.2479
-0.707227 0.674088 -0.674088 0.875 0.75 -0.7194 0.4912 -0.4912
-0.718418 0.636087 -0.684528 0.875 0.75756 -0.7841 0.2479 -0.569
-0.736934 0.643302 -0.643301 0.864863 0.760151 -0.918 0.2803 -0.2803
-0.684536 0.636087 -0.718411 0.615739 0.488465 -0.569 0.2479 -0.7841
-0.718418 0.636087 -0.684528 0.625 0.49244 -0.7841 0.2479 -0.569
-0.707227 0.674088 -0.674088 0.625 0.5 -0.7194 0.4912 -0.4912
-0.674092 0.674088 -0.70722 0.614089 0.495517 -0.4912 0.4912 -0.7193
-0.636094 0.684529 -0.718411 0.606368 0.495293 -0.2479 0.569 -0.7841
-0.643304 0.643302 -0.736928 0.607559 0.486715 -0.2803 0.2804 -0.918
-0.674092 0.70722 -0.674088 0.614088 0.504477 -0.4912 0.7194 -0.4912
-0.636094 0.718412 -0.684528 0.606366 0.504676 -0.2479 0.7841 -0.569
-0.636094 0.684529 -0.718411 0.606368 0.495293 -0.2479 0.569 -0.7841
-0.674092 0.70722 -0.674088 0.614088 0.504477 -0.4912 0.7194 -0.4912
-0.684536 0.718412 -0.636086 0.61574 0.511545 -0.569 0.7841 -0.2479
-0.643304 0.736929 -0.643301 0.607558 0.513293 -0.2803 0.918 -0.2804
-0.707227 0.674088 -0.674088 0.625 0.5 -0.7194 0.4912 -0.4912
-0.718418 0.684529 -0.636086 0.625 0.50756 -0.7841 0.569 -0.2479
-0.684536 0.718412 -0.636086 0.61574 0.511545 -0.569 0.7841 -0.2479
0.643297 -0.736928 -0.643301 0.393385 0.239603 0.2804 -0.918 -0.2804
0.646359 -0.742658 -0.600015 0.39329 0.233435 0.3684 -0.9268 -0.0731
0.600011 -0.749999 -0.600015 0.399998 0.225003 0.0057 -1 -0.0057
0.684521 -0.71841 -0.636086 0.386189 0.244374 0.569 -0.7841 -0.2478
0.688169 -0.721355 -0.600015 0.386519 0.241761 0.637 -0.7682 -0.0639
0.646359 -0.742658 -0.600015 0.39329 0.233435 0.3684 -0.9268 -0.0731
0.718403 -0.684527 -0.636086 0.377463 0.25 0.7841 -0.569 -0.2479
0.721348 -0.688173 -0.600015 0.37965 0.25 0.8414 -0.5369 -0.0613
0.688169 -0.721355 -0.600015 0.386519 0.241761 0.637 -0.7682 -0.0639
0.742657 -0.646362 -0.600015 0.144406 0.987602 0.9679 -0.2425 -0.0668
0.721348 -0.688173 -0.600015 0.138951 1 0.8414 -0.5369 -0.0613
0.718403 -0.684527 -0.636086 0.13239 1 0.7841 -0.569 -0.2479
0.736923 -0.6433 -0.643301 0.135064 0.989848 0.918 -0.2804 -0.2804
0.742657 -0.600014 -0.646363 0.1374 0.980428 0.9268 -0.0732 -0.3684
0.749996 -0.600014 -0.600015 0.149998 0.975002 0.9785 -0.1468 -0.1451
0.718403 -0.636085 -0.684528 0.125 0.99244 0.7841 -0.2479 -0.569
0.721348 -0.600014 -0.688174 0.125 0.985727 0.7684 -0.0638 -0.6368
0.742657 -0.600014 -0.646363 0.1374 0.980428 0.9268 -0.0732 -0.3684
0.688169 -0.600014 -0.721356 0.383395 0.267868 0.5366 -0.0613 -0.8416
0.721348 -0.600014 -0.688174 0.375 0.264273 0.7684 -0.0638 -0.6368
0.718403 -0.636085 -0.684528 0.375 0.25756 0.7841 -0.2479 -0.569
0.646359 -0.600014 -0.742659 0.391721 0.271423 0.2425 -0.0667 -0.9679
0.688169 -0.600014 -0.721356 0.383395 0.267868 0.5366 -0.0613 -0.8416
0.684521 -0.636085 -0.718411 0.384336 0.261764 0.569 -0.2478 -0.7841
0.643297 -0.6433 -0.736929 0.392522 0.263529 0.2804 -0.2804 -0.918
0.600011 -0.646362 -0.742659 0.40001 0.265016 0.0033 -0.3124 -0.9499
0.600011 -0.600014 -0.75 0.399998 0.274998 0.1496 -0.1424 -0.9784
0.636079 -0.684527 -0.718411 0.39382 0.255283 0.2479 -0.569 -0.7841
0.600011 -0.688173 -0.721356 0.400026 0.255163 -0 -0.5921 -0.8059
0.600011 -0.646362 -0.742659 0.40001 0.265016 0.0033 -0.3124 -0.9499
0.636079 -0.71841 -0.684528 0.394087 0.246714 0.2479 -0.7841 -0.569
0.600011 -0.721355 -0.688174 0.400046 0.245322 0.0002 -0.8087 -0.5882
0.600011 -0.688173 -0.721356 0.400026 0.255163 -0 -0.5921 -0.8059
0.600011 -0.742658 -0.646363 0.400053 0.235341 0.003 -0.9515 -0.3075
0.600011 -0.721355 -0.688174 0.400046 0.245322 0.0002 -0.8087 -0.5882
0.636079 -0.71841 -0.684528 0.394087 0.246714 0.2479 -0.7841 -0.569
0.674081 -0.707219 -0.674088 0.386666 0.247839 0.4912 -0.7193 -0.4912
0.684521 -0.71841 -0.636086 0.386189 0.244374 0.569 -0.7841 -0.2478
0.643297 -0.736928 -0.643301 0.393385 0.239603 0.2804 -0.918 -0.2804
0.707212 -0.674087 -0.674088 0.375 0.25 0.7194 -0.4912 -0.4912
0.718403 -0.684527 -0.636086 0.377463 0.25 0.7841 -0.569 -0.2479
0.684521 -0.71841 -0.636086 0.386189 0.244374 0.569 -0.7841 -0.2478
0.707212 -0.674087 -0.674088 0.125 1 0.7194 -0.4912 -0.4912
0.718403 -0.636085 -0.684528 0.125 0.99244 0.7841 -0.2479 -0.569
0.736923 -0.6433 -0.643301 0.135064 0.989848 0.918 -0.2804 -0.2804
0.674081 -0.674087 -0.70722 0.386134 0.255166 0.4912 -0.4912 -0.7194
0.684521 -0.636085 -0.718411 0.384336 0.261764 0.569 -0.2478 -0.7841
0.718403 -0.636085 -0.684528 0.375 0.25756 0.7841 -0.2479 -0.569
0.674081 -0.674087 -0.70722 0.386134 0.255166 0.4912 -0.4912 -0.7194
0.636079 -0.684527 -0.718411 0.39382 0.255283 0.2479 -0.569 -0.7841
0.643297 -0.6433 -0.736929 0.392522 0.263529 0.2804 -0.2804 -0.918
0.636079 -0.71841 -0.684528 0.394087 0.246714 0.2479 -0.7841 -0.569
0.636079 -0.684527 -0.718411 0.39382 0.255283 0.2479 -0.569 -0.7841
0.674081 -0.674087 -0.70722 0.386134 0.255166 0.4912 -0.4912 -0.7194
-0.736934 -0.6433 -0.643301 0.864923 0.989863 -0.918 -0.2803 -0.2803
-0.742665 -0.646362 -0.600015 0.855589 0.987597 -0.9268 -0.3683 -0.0731
-0.750004 -0.600014 -0.600015 0.850002 0.975002 -1 -0.0055 -0.0055
-0.718418 -0.684527 -0.636086 0.86761 1 -0.7841 -0.569 -0.2478
-0.721362 -0.688173 -0.600015 0.861049 1 -0.7682 -0.637 -0.0638
-0.742665 -0.646362 -0.600015 0.855589 0.987597 -0.9268 -0.3683 -0.0731
-0.684536 -0.71841 -0.636086 0.613791 0.244445 -0.569 -0.7841 -0.2479
-0.68818 -0.721355 -0.600015 0.613483 0.241757 -0.5369 -0.8414 -0.0613
-0.721362 -0.688173 -0.600015 0.62035 0.25 -0.7682 -0.637 -0.0638
-0.646366 -0.742658 -0.600015 0.606709 0.233442 -0.2424 -0.9679 -0.0667
-0.68818 -0.721355 -0.600015 0.613483 0.241757 -0.5369 -0.8414 -0.0613
-0.684536 -0.71841 -0.636086 0.613791 0.244445 -0.569 -0.7841 -0.2479
-0.643304 -0.736928 -0.643301 0.606622 0.239591 -0.2803 -0.918 -0.2804
-0.600018 -0.742658 -0.646363 0.59995 0.235335 -0.0731 -0.9268 -0.3684
-0.600018 -0.749999 -0.600015 0.600003 0.225003 -0.1469 -0.9784 -0.1452
-0.636094 -0.71841 -0.684528 0.60593 0.246639 -0.2479 -0.7841 -0.569
-0.600018 -0.721355 -0.688174 0.599954 0.245326 -0.0638 -0.7685 -0.6367
-0.600018 -0.742658 -0.646363 0.59995 0.235335 -0.0731 -0.9268 -0.3684
-0.600018 -0.688173 -0.721356 0.599976 0.255166 -0.0613 -0.5366 -0.8416
-0.600018 -0.721355 -0.688174 0.599954 0.245326 -0.0638 -0.7685 -0.6367
-0.636094 -0.71841 -0.684528 0.60593 0.246639 -0.2479 -0.7841 -0.569
-0.600018 -0.646362 -0.742659 0.599991 0.265014 -0.0667 -0.2424 -0.9679
-0.600018 -0.688173 -0.721356 0.599976 0.255166 -0.0613 -0.5366 -0.8416
-0.636094 -0.684527 -0.718411 0.606185 0.255235 -0.2478 -0.569 -0.7841
-0.643304 -0.6433 -0.736929 0.607478 0.26354 -0.2803 -0.2804 -0.918
-0.646366 -0.600014 -0.742659 0.60828 0.271424 -0.3684 -0.0731 -0.9268
-0.600018 -0.600014 -0.75 0.600003 0.274998 -0.0057 -0.0057 -1
-0.684536 -0.636085 -0.718411 0.615666 0.261775 -0.569 -0.2479 -0.7841
-0.68818 -0.600014 -0.721356 0.616605 0.267868 -0.6367 -0.0638 -0.7685
-0.646366 -0.600014 -0.742659 0.60828 0.271424 -0.3684 -0.0731 -0.9268
-0.721362 -0.600014 -0.688174 0.625 0.264273 -0.8416 -0.0613 -0.5366
-0.68818 -0.600014 -0.721356 0.616605 0.267868 -0.6367 -0.0638 -0.7685
-0.684536 -0.636085 -0.718411 0.615666 0.261775 -0.569 -0.2479 -0.7841
-0.742665 -0.600014 -0.646363 0.862605 0.980432 -0.9679 -0.0667 -0.2424
-0.721362 -0.600014 -0.688174 0.875 0.985727 -0.8416 -0.0613 -0.5366
-0.718418 -0.636085 -0.684528 0.875 0.99244 -0.7841 -0.2479 -0.569
-0.707227 -0.674087 -0.674088 0.875 1 -0.7194 -0.4912 -0.4912
-0.718418 -0.684527 -0.636086 0.86761 1 -0.7841 -0.569 -0.2478
-0.736934 -0.6433 -0.643301 0.864923 0.989863 -0.918 -0.2803 -0.2803
-0.684536 -0.71841 -0.636086 0.613791 0.244445 -0.569 -0.7841 -0.2479
-0.718418 -0.684527 -0.636086 0.622537 0.25 -0.7841 -0.569 -0.2478
-0.707227 -0.674087 -0.674088 0.625 0.25 -0.7194 -0.4912 -0.4912
-0.674092 -0.707219 -0.674088 0.613334 0.247835 -0.4912 -0.7193 -0.4912
-0.636094 -0.71841 -0.684528 0.60593 0.246639 -0.2479 -0.7841 -0.569
-0.643304 -0.736928 -0.643301 0.606622 0.239591 -0.2803 -0.918 -0.2804
-0.674092 -0.674087 -0.70722 0.613867 0.255156 -0.4912 -0.4912 -0.7194
-0.636094 -0.684527 -0.718411 0.606185 0.255235 -0.2478 -0.569 -0.7841
-0.636094 -0.71841 -0.684528 0.60593 0.246639 -0.2479 -0.7841 -0.569
-0.674092 -0.674087 -0.70722 0.613867 0.255156 -0.4912 -0.4912 -0.7194
-0.684536 -0.636085 -0.718411 0.615666 0.261775 -0.569 -0.2479 -0.7841
-0.643304 -0.6433 -0.736929 0.607478 0.26354 -0.2803 -0.2804 -0.918
-0.707227 -0.674087 -0.674088 0.625 0.25 -0.7194 -0.4912 -0.4912
-0.718418 -0.636085 -0.684528 0.625 0.25756 -0.7841 -0.2479 -0.569
-0.684536 -0.636085 -0.718411 0.615666 0.261775 -0.569 -0.2479 -0.7841
