Vertex Count: 1800

Data:

0.658411 -0.749999 0.658416 0.390264 0.015264 0.005 -1 0.0049
0.658411 -0.749999 -0.658417 0.390264 0.234736 0.0055 -1 -0.0056
0.689531 -0.74224 0.658287 0.382656 0.011867 0.4536 -0.8912 0.0008
0.689531 -0.74224 0.658287 0.382656 0.011867 0.4536 -0.8912 0.0008
0.689531 -0.742227 -0.658344 0.382704 0.238133 0.5496 -0.8288 -0.105
0.714261 -0.721097 0.655305 0.375 0.00892401 0.7946 -0.6072 -0.0013
0.714258 -0.72108 -0.655382 0.133924 1 0.8644 -0.4967 -0.0778
0.727445 -0.690859 -0.650129 0.136238 0.992399 0.9767 -0.2146 -0.0085
0.714261 -0.721097 0.655305 0.366076 1 0.7946 -0.6072 -0.0013
0.727445 -0.690859 -0.650129 0.136238 0.992399 0.9767 -0.2146 -0.0085
0.726394 -0.657547 -0.643621 0.138797 0.984591 0.9712 0.2382 -0.0115
0.727449 -0.690872 0.650072 0.359882 0.99236 0.9772 -0.2121 0.0073
0.643616 -0.657547 0.726399 0.388797 0.984591 0.0138 0.2383 0.9711
-0.642605 -0.656664 0.726174 0.60313 0.984444 -0.0106 0.2386 0.971
0.650127 -0.690859 0.727447 0.38621 0.992358 0.0071 -0.2112 0.9774
0.650127 -0.690859 0.727447 0.38621 0.992358 0.0071 -0.2112 0.9774
-0.649314 -0.69034 0.727311 0.609762 0.992301 -0.1222 -0.2611 0.9575
0.655378 -0.72108 0.714261 0.38392 1 -0.0034 -0.6024 0.7982
0.655378 -0.72108 0.714261 0.38392 0 -0.0034 -0.6024 0.7982
-0.654836 -0.720849 0.714194 0.61603 0 -0.1074 -0.6522 0.7504
0.658337 -0.742227 0.689533 0.386863 0.00765598 0.0005 -0.8883 0.4593
0.658337 -0.742227 0.689533 0.386863 0.00765598 0.0005 -0.8883 0.4593
-0.658088 -0.742182 0.689504 0.613111 0.00766701 -0.1034 -0.9249 0.3658
0.658411 -0.749999 0.658416 0.390264 0.015264 0.005 -1 0.0049
0.385247 0.67887 0.309628 0.349249 0.761855 0.9678 0.2517 0.0068
0.379105 0.677514 0.339245 0.359181 0.762878 0.8748 0.3155 0.3678
0.726394 -0.657547 0.643619 0.353336 0.984591 0.9533 0.259 0.1552
0.379105 0.677514 0.339245 0.359181 0.762878 0.8748 0.3155 0.3678
0.361648 0.675899 0.364315 0.369289 0.763403 0.6486 0.3343 0.6838
0.720095 -0.657556 0.675301 0.362347 0.985698 0.8676 0.3139 0.3857
0.702151 -0.657559 0.702158 0.371271 0.986094 0.6107 0.242 0.754
0.361648 0.675899 0.364315 0.369289 0.763403 0.6486 0.3343 0.6838
0.675297 -0.657556 0.720102 0.380089 0.985699 0.372 0.3123 0.8741
0.675297 -0.657556 0.720102 0.380089 0.985699 0.372 0.3123 0.8741
0.335552 0.674273 0.38101 0.379472 0.763382 0.2726 0.3574 0.8933
0.643616 -0.657547 0.726399 0.388797 0.984591 0.0138 0.2383 0.9711
-0.726401 -0.657547 0.643619 0.638797 0.984591 -0.9711 0.2383 0.0109
-0.726401 -0.657547 -0.643621 0.853337 0.984591 -0.9711 0.2382 -0.0113
-0.727449 -0.690872 0.650072 0.63622 0.99236 -0.9772 -0.2121 0.0074
-0.727449 -0.690872 0.650072 0.63622 0.99236 -0.9772 -0.2121 0.0074
-0.727449 -0.690859 -0.650129 0.859913 0.992399 -0.9562 -0.2659 -0.1221
-0.714265 -0.721097 0.655305 0.633933 1 -0.7975 -0.6033 -0.0027
-0.714265 -0.72108 -0.655382 0.625 0.241083 -0.746 -0.6574 -0.1064
-0.689539 -0.742227 -0.658344 0.617315 0.238138 -0.456 -0.89 -0.0006
-0.714265 -0.721097 0.655305 0.625 0.00893301 -0.7975 -0.6033 -0.0027
-0.689539 -0.742227 -0.658344 0.617315 0.238138 -0.456 -0.89 -0.0006
-0.658418 -0.749999 -0.658417 0.609736 0.234736 -0.0052 -1 -0.0049
-0.689539 -0.74224 0.658287 0.617345 0.011872 -0.4536 -0.8912 0.0008
-0.309631 0.67887 0.385251 0.59925 0.761855 -0.0045 0.2512 0.9679
-0.33854 0.679096 0.379444 0.609076 0.762566 -0.352 0.3131 0.8821
-0.642605 -0.656664 0.726174 0.60313 0.984444 -0.0106 0.2386 0.971
-0.33854 0.679096 0.379444 0.609076 0.762566 -0.352 0.3131 0.8821
-0.363047 0.679175 0.363045 0.618982 0.762827 -0.6659 0.3333 0.6675
-0.674674 -0.656859 0.719886 0.612243 0.985586 -0.3776 0.3122 0.8718
-0.701858 -0.657095 0.70199 0.62124 0.986023 -0.7488 0.2479 0.6146
-0.363047 0.679175 0.363045 0.618982 0.762827 -0.6659 0.3333 0.6675
-0.720022 -0.657337 0.675209 0.630089 0.985667 -0.8707 0.3125 0.3798
-0.720022 -0.657337 0.675209 0.630089 0.985667 -0.8707 0.3125 0.3798
-0.379446 0.679096 0.338537 0.628795 0.762587 -0.8802 0.3753 0.2904
-0.726401 -0.657547 0.643619 0.638797 0.984591 -0.9711 0.2383 0.0109
0.385247 0.67887 0.309628 0.349249 0.761855 0.9678 0.2517 0.0068
0.386777 0.672883 -0.304792 0.139512 0.762853 0.9687 0.2482 -0.004
0.372762 0.707189 0.302985 0.352964 0.755974 0.8504 0.5261 0.0044
0.372762 0.707189 0.302985 0.352964 0.755974 0.8504 0.5261 0.0044
0.373861 0.70335 -0.299094 0.141746 0.756372 0.7986 0.5974 -0.0731
0.351687 0.730014 0.297766 0.357296 0.75 0.6343 0.7731 -0.0017
0.351687 0.730014 0.297766 0.375 0.732296 0.6343 0.7731 -0.0017
0.352354 0.728061 -0.295076 0.375 0.518162 0.5756 0.8149 -0.068
0.324346 0.744822 0.294548 0.387466 0.728164 0.3435 0.9391 0.0041
0.324346 0.744822 0.294548 0.387466 0.728164 0.3435 0.9391 0.0041
0.324653 0.744197 -0.293203 0.387655 0.52209 0.2753 0.958 -0.0805
0.293679 0.750001 0.293683 0.399997 0.725003 0.0108 0.9999 0.0068
0.293679 0.750001 0.293683 0.399997 0.725003 0.0108 0.9999 0.0068
-0.293687 0.750001 0.293683 0.600004 0.725003 -0.0063 1 0.0063
0.293203 0.744197 0.324655 0.398358 0.73466 0.0038 0.9385 0.3453
0.293203 0.744197 0.324655 0.398358 0.73466 0.0038 0.9385 0.3453
-0.294558 0.744824 0.324344 0.599176 0.734669 -0.0887 0.9193 0.3835
0.295078 0.728061 0.352354 0.395997 0.744207 -0.0007 0.7687 0.6396
0.295078 0.728061 0.352354 0.395997 0.744207 -0.0007 0.7687 0.6396
-0.297781 0.730016 0.351689 0.598919 0.744053 -0.0874 0.7507 0.6548
0.299092 0.70335 0.373861 0.393026 0.753622 0.0041 0.5247 0.8513
0.299092 0.70335 0.373861 0.393026 0.753622 0.0041 0.5247 0.8513
-0.302996 0.707191 0.372761 0.598918 0.753097 -0.0937 0.4916 0.8658
0.30479 0.672883 0.386779 0.389512 0.762853 0.1606 0.3935 0.9052
-0.293687 0.750001 -0.293683 0.600004 0.524997 -0.0108 0.9999 -0.0089
-0.324661 0.744197 -0.293203 0.612423 0.522103 -0.3487 0.9372 -0.0048
-0.293687 0.750001 0.293683 0.600004 0.725003 -0.0063 1 0.0063
-0.324661 0.744197 -0.293203 0.612423 0.522103 -0.3487 0.9372 -0.0048
-0.352354 0.728061 -0.295076 0.625 0.518195 -0.6418 0.7668 -0.0003
-0.324346 0.744822 0.294548 0.612448 0.728371 -0.3452 0.9385 0.0063
-0.352354 0.728061 -0.295076 0.856805 0.75 -0.6418 0.7668 -0.0003
-0.373865 0.70335 -0.299094 0.851691 0.75637 -0.8526 0.5225 -0.0058
-0.351691 0.730014 0.297766 0.64229 0.75 -0.6311 0.7757 0.0006
-0.373865 0.70335 -0.299094 0.851691 0.75637 -0.8526 0.5225 -0.0058
-0.386785 0.672883 -0.304792 0.847082 0.762853 -0.9687 0.2482 -0.0041
-0.372766 0.707189 0.302985 0.640603 0.755968 -0.8503 0.5263 0.0034
0.386777 0.672883 -0.304792 0.139512 0.762853 0.9687 0.2482 -0.004
0.726394 -0.657547 -0.643621 0.138797 0.984591 0.9712 0.2382 -0.0115
0.380596 0.672761 -0.33615 0.132341 0.761159 0.882 0.3147 -0.3508
0.380596 0.672761 -0.33615 0.132341 0.761159 0.882 0.3147 -0.3508
0.720022 -0.657337 -0.675211 0.131931 0.988315 0.8578 0.2112 -0.4686
0.362834 0.672718 -0.362753 0.125 0.758827 0.6661 0.3353 -0.6662
0.701858 -0.657095 -0.701992 0.375 0.258571 0.6056 0.2535 -0.7543
0.67467 -0.656859 -0.719888 0.385958 0.261769 0.3759 0.3141 -0.8718
0.362834 0.672718 -0.362753 0.375 0.491173 0.6661 0.3353 -0.6662
0.67467 -0.656859 -0.719888 0.385958 0.261769 0.3759 0.3141 -0.8718
0.642601 -0.656664 -0.726174 0.396871 0.265556 0.0108 0.2387 -0.971
0.336215 0.672761 -0.380535 0.389072 0.488853 0.3502 0.3145 -0.8823
-0.304797 0.672883 -0.38678 0.610489 0.487147 -0.0044 0.2496 -0.9683
-0.299099 0.70335 -0.373861 0.606827 0.496493 -0.0044 0.5186 -0.855
0.30479 0.672883 -0.38678 0.402919 0.487147 0.0287 0.4291 -0.9028
-0.299099 0.70335 -0.373861 0.606827 0.496493 -0.0044 0.5186 -0.855
-0.295078 0.728061 -0.352355 0.603861 0.505889 0.0012 0.7623 -0.6472
0.299099 0.703352 -0.373859 0.402624 0.496501 0.0033 0.522 -0.8529
-0.295078 0.728061 -0.352355 0.603861 0.505889 0.0012 0.7623 -0.6472
-0.293203 0.744197 -0.324655 0.601557 0.515388 -0.0043 0.9352 -0.3542
0.295085 0.728064 -0.352352 0.402105 0.505884 -0.002 0.7647 -0.6444
0.29321 0.744199 -0.324653 0.401329 0.515385 0.0712 0.959 -0.2745
-0.293203 0.744197 -0.324655 0.601557 0.515388 -0.0043 0.9352 -0.3542
0.293679 0.750001 -0.293683 0.399997 0.524997 0.1713 0.9714 -0.1643
-0.304797 0.672883 -0.38678 0.610489 0.487147 -0.0044 0.2496 -0.9683
-0.643623 -0.657547 -0.7264 0.611204 0.265409 -0.0112 0.2379 -0.9712
-0.336218 0.672761 -0.380535 0.617648 0.488872 -0.3508 0.3147 -0.882
-0.336218 0.672761 -0.380535 0.617648 0.488872 -0.3508 0.3147 -0.882
-0.6753 -0.657556 -0.720103 0.618049 0.26166 -0.4668 0.2096 -0.8592
-0.362842 0.672718 -0.362753 0.625 0.491174 -0.6655 0.3354 -0.6668
-0.702155 -0.657559 -0.70216 0.875 0.991474 -0.7523 0.2514 -0.609
-0.720099 -0.657556 -0.675302 0.864183 0.988324 -0.8712 0.3144 -0.377
-0.362842 0.672718 -0.362753 0.875 0.758826 -0.6655 0.3354 -0.6668
-0.720099 -0.657556 -0.675302 0.864183 0.988324 -0.8712 0.3144 -0.377
-0.726401 -0.657547 -0.643621 0.853337 0.984591 -0.9711 0.2382 -0.0113
-0.380603 0.672761 -0.33615 0.860957 0.761173 -0.8823 0.3146 -0.3502
0.658411 -0.749999 -0.658417 0.390264 0.234736 0.0055 -1 -0.0056
-0.658418 -0.749999 -0.658417 0.609736 0.234736 -0.0052 -1 -0.0049
0.65814 -0.74217 -0.689504 0.391006 0.242248 0.0009 -0.8902 -0.4556
0.65814 -0.74217 -0.689504 0.391006 0.242248 0.0009 -0.8902 -0.4556
-0.658345 -0.742227 -0.689534 0.610822 0.242253 -0.1044 -0.83 -0.5479
0.654906 -0.720831 -0.714192 0.392388 0.249827 -0.0018 -0.6048 -0.7964
0.654906 -0.720831 -0.714192 0.392388 0.249827 -0.0018 -0.6048 -0.7964
-0.655382 -0.72108 -0.714262 0.611357 0.249819 -0.0773 -0.4994 -0.8629
0.649365 -0.690328 -0.727311 0.394403 0.257573 0.0093 -0.2142 -0.9767
0.649365 -0.690328 -0.727311 0.394403 0.257573 0.0093 -0.2142 -0.9767
-0.650134 -0.690859 -0.727449 0.611415 0.257511 -0.0743 -0.0788 -0.9941
0.642601 -0.656664 -0.726174 0.396871 0.265556 0.0108 0.2387 -0.971
0.643616 -0.657547 0.726399 0.388797 0.984591 0.0138 0.2383 0.9711
0.30479 0.672883 0.386779 0.389512 0.762853 0.1606 0.3935 0.9052
-0.642605 -0.656664 0.726174 0.60313 0.984444 -0.0106 0.2386 0.971
0.293679 0.750001 0.293683 0.399997 0.725003 0.0108 0.9999 0.0068
0.293679 0.750001 -0.293683 0.399997 0.524997 0.1713 0.9714 -0.1643
-0.293687 0.750001 0.293683 0.600004 0.725003 -0.0063 1 0.0063
0.30479 0.672883 -0.38678 0.402919 0.487147 0.0287 0.4291 -0.9028
0.642601 -0.656664 -0.726174 0.396871 0.265556 0.0108 0.2387 -0.971
-0.304797 0.672883 -0.38678 0.610489 0.487147 -0.0044 0.2496 -0.9683
0.658411 -0.749999 -0.658417 0.390264 0.234736 0.0055 -1 -0.0056
0.658411 -0.749999 0.658416 0.390264 0.015264 0.005 -1 0.0049
-0.658418 -0.749999 -0.658417 0.609736 0.234736 -0.0052 -1 -0.0049
-0.385254 0.67887 0.309628 0.638385 0.761855 -0.9162 0.4003 -0.0198
-0.386785 0.672883 -0.304792 0.847082 0.762853 -0.9687 0.2482 -0.0041
-0.726401 -0.657547 0.643619 0.638797 0.984591 -0.9711 0.2383 0.0109
0.726394 -0.657547 -0.643621 0.138797 0.984591 0.9712 0.2382 -0.0115
0.386777 0.672883 -0.304792 0.139512 0.762853 0.9687 0.2482 -0.004
0.726394 -0.657547 0.643619 0.353336 0.984591 0.9533 0.259 0.1552
0.722512 -0.68743 0.678228 0.365957 0.992499 0.932 -0.0883 0.3514
0.727449 -0.690872 0.650072 0.359882 0.99236 0.9772 -0.2121 0.0073
0.720095 -0.657556 0.675301 0.362347 0.985698 0.8676 0.3139 0.3857
0.711335 -0.717964 0.67916 0.370369 1 0.7874 -0.5221 0.3276
0.714261 -0.721097 0.655305 0.366076 1 0.7946 -0.6072 -0.0013
0.722512 -0.68743 0.678228 0.365957 0.992499 0.932 -0.0883 0.3514
0.686294 -0.737002 0.686255 0.381535 0.006513 0.4125 -0.8125 0.412
0.689531 -0.74224 0.658287 0.382656 0.011867 0.4536 -0.8912 0.0008
0.711335 -0.717964 0.67916 0.375 0.00463098 0.7874 -0.5221 0.3276
0.689531 -0.74224 0.658287 0.382656 0.011867 0.4536 -0.8912 0.0008
0.686294 -0.737002 0.686255 0.381535 0.006513 0.4125 -0.8125 0.412
0.658411 -0.749999 0.658416 0.390264 0.015264 0.005 -1 0.0049
0.686294 -0.737002 0.686255 0.381535 0.006513 0.4125 -0.8125 0.412
0.679211 -0.717958 0.711319 0.379629 0 0.3284 -0.5221 0.7872
0.658337 -0.742227 0.689533 0.386863 0.00765598 0.0005 -0.8883 0.4593
0.679211 -0.717958 0.711319 0.379629 1 0.3284 -0.5221 0.7872
0.678259 -0.687427 0.722503 0.38009 0.992495 0.352 -0.0883 0.9318
0.655378 -0.72108 0.714261 0.38392 1 -0.0034 -0.6024 0.7982
0.678259 -0.687427 0.722503 0.38009 0.992495 0.352 -0.0883 0.9318
0.675297 -0.657556 0.720102 0.380089 0.985699 0.372 0.3123 0.8741
0.650127 -0.690859 0.727447 0.38621 0.992358 0.0071 -0.2112 0.9774
0.678259 -0.687427 0.722503 0.38009 0.992495 0.352 -0.0883 0.9318
0.705033 -0.682683 0.705016 0.372957 0.992264 0.7073 -0 0.7069
0.675297 -0.657556 0.720102 0.380089 0.985699 0.372 0.3123 0.8741
0.722512 -0.68743 0.678228 0.365957 0.992499 0.932 -0.0883 0.3514
0.720095 -0.657556 0.675301 0.362347 0.985698 0.8676 0.3139 0.3857
0.705033 -0.682683 0.705016 0.372957 0.992264 0.7073 -0 0.7069
0.705033 -0.682683 0.705016 0.372957 0.992264 0.7073 -0 0.7069
0.701572 -0.708608 0.701539 0.375 1 0.6561 -0.3737 0.6556
0.722512 -0.68743 0.678228 0.365957 0.992499 0.932 -0.0883 0.3514
0.711335 -0.717964 0.67916 0.375 0.00463098 0.7874 -0.5221 0.3276
0.701572 -0.708608 0.701539 0.375 0 0.6561 -0.3737 0.6556
0.686294 -0.737002 0.686255 0.381535 0.006513 0.4125 -0.8125 0.412
0.679211 -0.717958 0.711319 0.379629 1 0.3284 -0.5221 0.7872
0.701572 -0.708608 0.701539 0.375 1 0.6561 -0.3737 0.6556
0.678259 -0.687427 0.722503 0.38009 0.992495 0.352 -0.0883 0.9318
-0.658088 -0.742182 0.689504 0.613111 0.00766701 -0.1034 -0.9249 0.3658
-0.68614 -0.73696 0.686224 0.618472 0.006558 -0.4112 -0.8104 0.4173
-0.658418 -0.749999 0.658416 0.609736 0.015264 0.042 -0.9925 0.1148
-0.68614 -0.73696 0.686224 0.618472 0.006558 -0.4112 -0.8104 0.4173
-0.711266 -0.717907 0.679125 0.625 0.00464302 -0.7862 -0.5204 0.3333
-0.689539 -0.74224 0.658287 0.617345 0.011872 -0.4536 -0.8912 0.0008
-0.711266 -0.717907 0.679125 0.629643 1 -0.7862 -0.5204 0.3333
-0.722446 -0.687297 0.678169 0.630109 0.992484 -0.9304 -0.087 0.356
-0.714265 -0.721097 0.655305 0.633933 1 -0.7975 -0.6033 -0.0027
-0.722446 -0.687297 0.678169 0.630109 0.992484 -0.9304 -0.087 0.356
-0.720022 -0.657337 0.675209 0.630089 0.985667 -0.8707 0.3125 0.3798
-0.727449 -0.690872 0.650072 0.63622 0.99236 -0.9772 -0.2121 0.0074
-0.722446 -0.687297 0.678169 0.630109 0.992484 -0.9304 -0.087 0.356
-0.704773 -0.682367 0.704898 0.622955 0.992232 -0.7026 0.0023 0.7116
-0.720022 -0.657337 0.675209 0.630089 0.985667 -0.8707 0.3125 0.3798
-0.677732 -0.686985 0.722364 0.615909 0.992451 -0.3482 -0.0845 0.9336
-0.674674 -0.656859 0.719886 0.612243 0.985586 -0.3776 0.3122 0.8718
-0.704773 -0.682367 0.704898 0.622955 0.992232 -0.7026 0.0023 0.7116
-0.677732 -0.686985 0.722364 0.615909 0.992451 -0.3482 -0.0845 0.9336
-0.649314 -0.69034 0.727311 0.609762 0.992301 -0.1222 -0.2611 0.9575
-0.674674 -0.656859 0.719886 0.612243 0.985586 -0.3776 0.3122 0.8718
-0.678831 -0.717749 0.711246 0.620348 1 -0.3255 -0.5172 0.7915
-0.654836 -0.720849 0.714194 0.61603 1 -0.1074 -0.6522 0.7504
-0.677732 -0.686985 0.722364 0.615909 0.992451 -0.3482 -0.0845 0.9336
-0.68614 -0.73696 0.686224 0.618472 0.006558 -0.4112 -0.8104 0.4173
-0.658088 -0.742182 0.689504 0.613111 0.00766701 -0.1034 -0.9249 0.3658
-0.678831 -0.717749 0.711246 0.620348 0 -0.3255 -0.5172 0.7915
-0.678831 -0.717749 0.711246 0.620348 0 -0.3255 -0.5172 0.7915
-0.701349 -0.708427 0.701466 0.625 0 -0.6524 -0.3702 0.6613
-0.68614 -0.73696 0.686224 0.618472 0.006558 -0.4112 -0.8104 0.4173
-0.711266 -0.717907 0.679125 0.629643 1 -0.7862 -0.5204 0.3333
-0.701349 -0.708427 0.701466 0.625 1 -0.6524 -0.3702 0.6613
-0.722446 -0.687297 0.678169 0.630109 0.992484 -0.9304 -0.087 0.356
-0.704773 -0.682367 0.704898 0.622955 0.992232 -0.7026 0.0023 0.7116
-0.701349 -0.708427 0.701466 0.625 1 -0.6524 -0.3702 0.6613
-0.677732 -0.686985 0.722364 0.615909 0.992451 -0.3482 -0.0845 0.9336
0.293203 0.744197 0.324655 0.398358 0.73466 0.0038 0.9385 0.3453
0.321101 0.740773 0.322339 0.387534 0.736845 0.2707 0.9122 0.3075
0.293679 0.750001 0.293683 0.399997 0.725003 0.0108 0.9999 0.0068
0.321101 0.740773 0.322339 0.387534 0.736845 0.2707 0.9122 0.3075
0.349226 0.727303 0.321081 0.375 0.740821 0.5634 0.7812 0.2689
0.324346 0.744822 0.294548 0.387466 0.728164 0.3435 0.9391 0.0041
0.369119 0.703571 0.33025 0.361742 0.756789 0.7697 0.5483 0.3271
0.372762 0.707189 0.302985 0.352964 0.755974 0.8504 0.5261 0.0044
0.349226 0.727303 0.321081 0.365821 0.75 0.5634 0.7812 0.2689
0.372762 0.707189 0.302985 0.352964 0.755974 0.8504 0.5261 0.0044
0.369119 0.703571 0.33025 0.361742 0.756789 0.7697 0.5483 0.3271
0.385247 0.67887 0.309628 0.349249 0.761855 0.9678 0.2517 0.0068
0.369119 0.703571 0.33025 0.361742 0.756789 0.7697 0.5483 0.3271
0.35417 0.698607 0.356463 0.371764 0.757471 0.5756 0.5194 0.6316
0.379105 0.677514 0.339245 0.359181 0.762878 0.8748 0.3155 0.3678
0.327151 0.701364 0.370637 0.382854 0.755829 0.2721 0.53 0.8032
0.335552 0.674273 0.38101 0.379472 0.763382 0.2726 0.3574 0.8933
0.35417 0.698607 0.356463 0.371764 0.757471 0.5756 0.5194 0.6316
0.335552 0.674273 0.38101 0.379472 0.763382 0.2726 0.3574 0.8933
0.327151 0.701364 0.370637 0.382854 0.755829 0.2721 0.53 0.8032
0.30479 0.672883 0.386779 0.389512 0.762853 0.1606 0.3935 0.9052
0.327151 0.701364 0.370637 0.382854 0.755829 0.2721 0.53 0.8032
0.318801 0.726132 0.350403 0.38656 0.746519 0.2214 0.7656 0.6041
0.299092 0.70335 0.373861 0.393026 0.753622 0.0041 0.5247 0.8513
0.321101 0.740773 0.322339 0.387534 0.736845 0.2707 0.9122 0.3075
0.293203 0.744197 0.324655 0.398358 0.73466 0.0038 0.9385 0.3453
0.318801 0.726132 0.350403 0.38656 0.746519 0.2214 0.7656 0.6041
0.318801 0.726132 0.350403 0.38656 0.746519 0.2214 0.7656 0.6041
0.342473 0.71963 0.344346 0.375 0.75 0.4698 0.7131 0.5203
0.321101 0.740773 0.322339 0.387534 0.736845 0.2707 0.9122 0.3075
0.349226 0.727303 0.321081 0.365821 0.75 0.5634 0.7812 0.2689
0.342473 0.71963 0.344346 0.375 0.75 0.4698 0.7131 0.5203
0.369119 0.703571 0.33025 0.361742 0.756789 0.7697 0.5483 0.3271
0.35417 0.698607 0.356463 0.371764 0.757471 0.5756 0.5194 0.6316
0.342473 0.71963 0.344346 0.375 0.75 0.4698 0.7131 0.5203
0.327151 0.701364 0.370637 0.382854 0.755829 0.2721 0.53 0.8032
-0.379446 0.679096 0.338537 0.628795 0.762587 -0.8802 0.3753 0.2904
-0.369459 0.704629 0.329731 0.631464 0.756699 -0.7807 0.5512 0.2946
-0.385254 0.67887 0.309628 0.638385 0.761855 -0.9162 0.4003 -0.0198
-0.369459 0.704629 0.329731 0.631464 0.756699 -0.7807 0.5512 0.2946
-0.349673 0.727868 0.320733 0.633912 0.75 -0.569 0.7888 0.2326
-0.372766 0.707189 0.302985 0.640603 0.755968 -0.8503 0.5263 0.0034
-0.349673 0.727868 0.320733 0.625 0.741088 -0.569 0.7888 0.2326
-0.322002 0.741315 0.321993 0.611042 0.736972 -0.2777 0.9197 0.2776
-0.351691 0.730014 0.297766 0.625 0.73271 -0.6311 0.7757 0.0006
-0.324346 0.744822 0.294548 0.612448 0.728371 -0.3452 0.9385 0.0063
-0.322002 0.741315 0.321993 0.611042 0.736972 -0.2777 0.9197 0.2776
-0.293687 0.750001 0.293683 0.600004 0.725003 -0.0063 1 0.0063
-0.320742 0.727869 0.349667 0.609808 0.746428 -0.2326 0.7888 0.569
-0.297781 0.730016 0.351689 0.598919 0.744053 -0.0874 0.7507 0.6548
-0.322002 0.741315 0.321993 0.611042 0.736972 -0.2777 0.9197 0.2776
-0.329736 0.70463 0.369457 0.609683 0.755431 -0.2946 0.5511 0.7807
-0.302996 0.707191 0.372761 0.598918 0.753097 -0.0937 0.4916 0.8658
-0.320742 0.727869 0.349667 0.609808 0.746428 -0.2326 0.7888 0.569
-0.302996 0.707191 0.372761 0.598918 0.753097 -0.0937 0.4916 0.8658
-0.329736 0.70463 0.369457 0.609683 0.755431 -0.2946 0.5511 0.7807
-0.309631 0.67887 0.385251 0.59925 0.761855 -0.0045 0.2512 0.9679
-0.329736 0.70463 0.369457 0.609683 0.755431 -0.2946 0.5511 0.7807
-0.355466 0.700982 0.355461 0.621029 0.75723 -0.5986 0.5323 0.5986
-0.33854 0.679096 0.379444 0.609076 0.762566 -0.352 0.3131 0.8821
-0.369459 0.704629 0.329731 0.631464 0.756699 -0.7807 0.5512 0.2946
-0.379446 0.679096 0.338537 0.628795 0.762587 -0.8802 0.3753 0.2904
-0.355466 0.700982 0.355461 0.621029 0.75723 -0.5986 0.5323 0.5986
-0.355466 0.700982 0.355461 0.621029 0.75723 -0.5986 0.5323 0.5986
-0.343645 0.721116 0.34364 0.625 0.75 -0.486 0.7264 0.4859
-0.369459 0.704629 0.329731 0.631464 0.756699 -0.7807 0.5512 0.2946
-0.349673 0.727868 0.320733 0.625 0.741088 -0.569 0.7888 0.2326
-0.343645 0.721116 0.34364 0.625 0.75 -0.486 0.7264 0.4859
-0.322002 0.741315 0.321993 0.611042 0.736972 -0.2777 0.9197 0.2776
-0.320742 0.727869 0.349667 0.609808 0.746428 -0.2326 0.7888 0.569
-0.343645 0.721116 0.34364 0.625 0.75 -0.486 0.7264 0.4859
-0.329736 0.70463 0.369457 0.609683 0.755431 -0.2946 0.5511 0.7807
0.299099 0.703352 -0.373859 0.402624 0.496501 0.0033 0.522 -0.8529
0.327649 0.70035 -0.370201 0.389775 0.495304 0.305 0.5269 -0.7933
0.30479 0.672883 -0.38678 0.402919 0.487147 0.0287 0.4291 -0.9028
0.327649 0.70035 -0.370201 0.389775 0.495304 0.305 0.5269 -0.7933
0.355115 0.696302 -0.355048 0.375 0.495448 0.6097 0.5065 -0.6097
0.336215 0.672761 -0.380535 0.389072 0.488853 0.3502 0.3145 -0.8823
0.370247 0.700356 -0.327599 0.133504 0.75601 0.7935 0.527 -0.3043
0.380596 0.672761 -0.33615 0.132341 0.761159 0.882 0.3147 -0.3508
0.355115 0.696302 -0.355048 0.125 0.754552 0.6097 0.5065 -0.6097
0.380596 0.672761 -0.33615 0.132341 0.761159 0.882 0.3147 -0.3508
0.370247 0.700356 -0.327599 0.133504 0.75601 0.7935 0.527 -0.3043
0.386777 0.672883 -0.304792 0.139512 0.762853 0.9687 0.2482 -0.004
0.370247 0.700356 -0.327599 0.133504 0.75601 0.7935 0.527 -0.3043
0.349929 0.72559 -0.319107 0.134393 0.75 0.5967 0.7612 -0.2541
0.373861 0.70335 -0.299094 0.141746 0.756372 0.7986 0.5974 -0.0731
0.321431 0.740244 -0.321407 0.389215 0.513354 0.3015 0.9046 -0.3014
0.324653 0.744197 -0.293203 0.387655 0.52209 0.2753 0.958 -0.0805
0.349929 0.72559 -0.319107 0.375 0.509393 0.5967 0.7612 -0.2541
0.324653 0.744197 -0.293203 0.387655 0.52209 0.2753 0.958 -0.0805
0.321431 0.740244 -0.321407 0.389215 0.513354 0.3015 0.9046 -0.3014
0.293679 0.750001 -0.293683 0.399997 0.524997 0.1713 0.9714 -0.1643
0.321431 0.740244 -0.321407 0.389215 0.513354 0.3015 0.9046 -0.3014
0.319138 0.725595 -0.349902 0.390557 0.503799 0.2545 0.761 -0.5967
0.29321 0.744199 -0.324653 0.401329 0.515385 0.0712 0.959 -0.2745
0.327649 0.70035 -0.370201 0.389775 0.495304 0.305 0.5269 -0.7933
0.299099 0.703352 -0.373859 0.402624 0.496501 0.0033 0.522 -0.8529
0.319138 0.725595 -0.349902 0.390557 0.503799 0.2545 0.761 -0.5967
0.319138 0.725595 -0.349902 0.390557 0.503799 0.2545 0.761 -0.5967
0.343147 0.718189 -0.343096 0.375 0.5 0.5052 0.6997 -0.5052
0.327649 0.70035 -0.370201 0.389775 0.495304 0.305 0.5269 -0.7933
0.355115 0.696302 -0.355048 0.125 0.754552 0.6097 0.5065 -0.6097
0.343147 0.718189 -0.343096 0.125 0.75 0.5052 0.6997 -0.5052
0.370247 0.700356 -0.327599 0.133504 0.75601 0.7935 0.527 -0.3043
0.349929 0.72559 -0.319107 0.375 0.509393 0.5967 0.7612 -0.2541
0.343147 0.718189 -0.343096 0.375 0.5 0.5052 0.6997 -0.5052
0.321431 0.740244 -0.321407 0.389215 0.513354 0.3015 0.9046 -0.3014
-0.373865 0.70335 -0.299094 0.851691 0.75637 -0.8526 0.5225 -0.0058
-0.370254 0.700355 -0.3276 0.8623 0.756025 -0.7935 0.5271 -0.3044
-0.386785 0.672883 -0.304792 0.847082 0.762853 -0.9687 0.2482 -0.0041
-0.370254 0.700355 -0.3276 0.8623 0.756025 -0.7935 0.5271 -0.3044
-0.355118 0.696301 -0.355049 0.875 0.754551 -0.6096 0.5065 -0.6097
-0.380603 0.672761 -0.33615 0.860957 0.761173 -0.8823 0.3146 -0.3502
-0.327649 0.700348 -0.370203 0.615742 0.495307 -0.305 0.5269 -0.7933
-0.336218 0.672761 -0.380535 0.617648 0.488872 -0.3508 0.3147 -0.882
-0.355118 0.696301 -0.355049 0.625 0.495449 -0.6096 0.5065 -0.6097
-0.336218 0.672761 -0.380535 0.617648 0.488872 -0.3508 0.3147 -0.882
-0.327649 0.700348 -0.370203 0.615742 0.495307 -0.305 0.5269 -0.7933
-0.304797 0.672883 -0.38678 0.610489 0.487147 -0.0044 0.2496 -0.9683
-0.327649 0.700348 -0.370203 0.615742 0.495307 -0.305 0.5269 -0.7933
-0.319138 0.725593 -0.349903 0.613069 0.503747 -0.2545 0.7611 -0.5966
-0.299099 0.70335 -0.373861 0.606827 0.496493 -0.0044 0.5186 -0.855
-0.321427 0.740243 -0.321407 0.61227 0.513362 -0.3015 0.9046 -0.3015
-0.293203 0.744197 -0.324655 0.601557 0.515388 -0.0043 0.9352 -0.3542
-0.319138 0.725593 -0.349903 0.613069 0.503747 -0.2545 0.7611 -0.5966
-0.293203 0.744197 -0.324655 0.601557 0.515388 -0.0043 0.9352 -0.3542
-0.321427 0.740243 -0.321407 0.61227 0.513362 -0.3015 0.9046 -0.3015
-0.293687 0.750001 -0.293683 0.600004 0.524997 -0.0108 0.9999 -0.0089
-0.321427 0.740243 -0.321407 0.61227 0.513362 -0.3015 0.9046 -0.3015
-0.349937 0.72559 -0.319107 0.625 0.509411 -0.5966 0.7612 -0.2541
-0.324661 0.744197 -0.293203 0.612423 0.522103 -0.3487 0.9372 -0.0048
-0.370254 0.700355 -0.3276 0.8623 0.756025 -0.7935 0.5271 -0.3044
-0.373865 0.70335 -0.299094 0.851691 0.75637 -0.8526 0.5225 -0.0058
-0.349937 0.72559 -0.319107 0.865589 0.75 -0.5966 0.7612 -0.2541
-0.349937 0.72559 -0.319107 0.865589 0.75 -0.5966 0.7612 -0.2541
-0.343147 0.718188 -0.343096 0.875 0.75 -0.5051 0.6998 -0.5051
-0.370254 0.700355 -0.3276 0.8623 0.756025 -0.7935 0.5271 -0.3044
-0.355118 0.696301 -0.355049 0.625 0.495449 -0.6096 0.5065 -0.6097
-0.343147 0.718188 -0.343096 0.625 0.5 -0.5051 0.6998 -0.5051
-0.327649 0.700348 -0.370203 0.615742 0.495307 -0.305 0.5269 -0.7933
-0.319138 0.725593 -0.349903 0.613069 0.503747 -0.2545 0.7611 -0.5966
-0.343147 0.718188 -0.343096 0.625 0.5 -0.5051 0.6998 -0.5051
-0.321427 0.740243 -0.321407 0.61227 0.513362 -0.3015 0.9046 -0.3015
0.65814 -0.74217 -0.689504 0.391006 0.242248 0.0009 -0.8902 -0.4556
0.686169 -0.73694 -0.686259 0.383551 0.243364 0.4112 -0.8104 -0.4173
0.658411 -0.749999 -0.658417 0.390264 0.234736 0.0055 -1 -0.0056
0.686169 -0.73694 -0.686259 0.383551 0.243364 0.4112 -0.8104 -0.4173
0.711277 -0.717887 -0.679177 0.375 0.245361 0.7864 -0.5202 -0.3331
0.689531 -0.742227 -0.658344 0.382704 0.238133 0.5496 -0.8288 -0.105
0.711277 -0.717887 -0.679177 0.129639 1 0.7864 -0.5202 -0.3331
0.72245 -0.687284 -0.678203 0.131018 0.993888 0.9305 -0.0866 -0.356
0.714258 -0.72108 -0.655382 0.133924 1 0.8644 -0.4967 -0.0778
0.72245 -0.687284 -0.678203 0.131018 0.993888 0.9305 -0.0866 -0.356
0.720022 -0.657337 -0.675211 0.131931 0.988315 0.8578 0.2112 -0.4686
0.727445 -0.690859 -0.650129 0.136238 0.992399 0.9767 -0.2146 -0.0085
0.72245 -0.687284 -0.678203 0.131018 0.993888 0.9305 -0.0866 -0.356
0.704784 -0.682353 -0.704914 0.125 0.99564 0.7025 0.0031 -0.7116
0.720022 -0.657337 -0.675211 0.131931 0.988315 0.8578 0.2112 -0.4686
0.677761 -0.686972 -0.722369 0.385505 0.256063 0.3482 -0.0841 -0.9337
0.67467 -0.656859 -0.719888 0.385958 0.261769 0.3759 0.3141 -0.8718
0.704784 -0.682353 -0.704914 0.375 0.25436 0.7025 0.0031 -0.7116
0.677761 -0.686972 -0.722369 0.385505 0.256063 0.3482 -0.0841 -0.9337
0.649365 -0.690328 -0.727311 0.394403 0.257573 0.0093 -0.2142 -0.9767
0.67467 -0.656859 -0.719888 0.385958 0.261769 0.3759 0.3141 -0.8718
0.678882 -0.717729 -0.71126 0.38497 0.249694 0.3254 -0.517 -0.7917
0.654906 -0.720831 -0.714192 0.392388 0.249827 -0.0018 -0.6048 -0.7964
0.677761 -0.686972 -0.722369 0.385505 0.256063 0.3482 -0.0841 -0.9337
0.686169 -0.73694 -0.686259 0.383551 0.243364 0.4112 -0.8104 -0.4173
0.65814 -0.74217 -0.689504 0.391006 0.242248 0.0009 -0.8902 -0.4556
0.678882 -0.717729 -0.71126 0.38497 0.249694 0.3254 -0.517 -0.7917
0.678882 -0.717729 -0.71126 0.38497 0.249694 0.3254 -0.517 -0.7917
0.701374 -0.708407 -0.701494 0.375 0.25 0.6525 -0.3698 -0.6614
0.686169 -0.73694 -0.686259 0.383551 0.243364 0.4112 -0.8104 -0.4173
0.711277 -0.717887 -0.679177 0.129639 1 0.7864 -0.5202 -0.3331
0.701374 -0.708407 -0.701494 0.125 1 0.6525 -0.3698 -0.6614
0.72245 -0.687284 -0.678203 0.131018 0.993888 0.9305 -0.0866 -0.356
0.704784 -0.682353 -0.704914 0.375 0.25436 0.7025 0.0031 -0.7116
0.701374 -0.708407 -0.701494 0.375 0.25 0.6525 -0.3698 -0.6614
0.677761 -0.686972 -0.722369 0.385505 0.256063 0.3482 -0.0841 -0.9337
-0.722512 -0.687422 -0.678265 0.866862 0.993883 -0.932 -0.088 -0.3516
-0.727449 -0.690859 -0.650129 0.859913 0.992399 -0.9562 -0.2659 -0.1221
-0.720099 -0.657556 -0.675302 0.864183 0.988324 -0.8712 0.3144 -0.377
-0.711335 -0.717951 -0.679215 0.870372 1 -0.7873 -0.522 -0.328
-0.714265 -0.72108 -0.655382 0.866083 1 -0.746 -0.6574 -0.1064
-0.722512 -0.687422 -0.678265 0.866862 0.993883 -0.932 -0.088 -0.3516
-0.686294 -0.736992 -0.686296 0.617292 0.24341 -0.4123 -0.8124 -0.4123
-0.689539 -0.742227 -0.658344 0.617315 0.238138 -0.456 -0.89 -0.0006
-0.711335 -0.717951 -0.679215 0.625 0.245372 -0.7873 -0.522 -0.328
-0.689539 -0.742227 -0.658344 0.617315 0.238138 -0.456 -0.89 -0.0006
-0.686294 -0.736992 -0.686296 0.617292 0.24341 -0.4123 -0.8124 -0.4123
-0.658418 -0.749999 -0.658417 0.609736 0.234736 -0.0052 -1 -0.0049
-0.686294 -0.736992 -0.686296 0.617292 0.24341 -0.4123 -0.8124 -0.4123
-0.679211 -0.717951 -0.711338 0.617148 0.249668 -0.328 -0.522 -0.7874
-0.658345 -0.742227 -0.689534 0.610822 0.242253 -0.1044 -0.83 -0.5479
-0.679211 -0.717951 -0.711338 0.617148 0.249668 -0.328 -0.522 -0.7874
-0.678259 -0.687422 -0.722514 0.617634 0.256007 -0.3516 -0.0881 -0.932
-0.655382 -0.72108 -0.714262 0.611357 0.249819 -0.0773 -0.4994 -0.8629
-0.678259 -0.687422 -0.722514 0.617634 0.256007 -0.3516 -0.0881 -0.932
-0.6753 -0.657556 -0.720103 0.618049 0.26166 -0.4668 0.2096 -0.8592
-0.650134 -0.690859 -0.727449 0.611415 0.257511 -0.0743 -0.0788 -0.9941
-0.678259 -0.687422 -0.722514 0.617634 0.256007 -0.3516 -0.0881 -0.932
-0.705037 -0.682677 -0.705037 0.625 0.25434 -0.7071 0.0003 -0.7071
-0.6753 -0.657556 -0.720103 0.618049 0.26166 -0.4668 0.2096 -0.8592
-0.722512 -0.687422 -0.678265 0.866862 0.993883 -0.932 -0.088 -0.3516
-0.720099 -0.657556 -0.675302 0.864183 0.988324 -0.8712 0.3144 -0.377
-0.705037 -0.682677 -0.705037 0.875 0.99566 -0.7071 0.0003 -0.7071
-0.705037 -0.682677 -0.705037 0.875 0.99566 -0.7071 0.0003 -0.7071
-0.701569 -0.708598 -0.701572 0.875 1 -0.6559 -0.3735 -0.656
-0.722512 -0.687422 -0.678265 0.866862 0.993883 -0.932 -0.088 -0.3516
-0.711335 -0.717951 -0.679215 0.625 0.245372 -0.7873 -0.522 -0.328
-0.701569 -0.708598 -0.701572 0.625 0.25 -0.6559 -0.3735 -0.656
-0.686294 -0.736992 -0.686296 0.617292 0.24341 -0.4123 -0.8124 -0.4123
-0.679211 -0.717951 -0.711338 0.617148 0.249668 -0.328 -0.522 -0.7874
-0.701569 -0.708598 -0.701572 0.625 0.25 -0.6559 -0.3735 -0.656
-0.678259 -0.687422 -0.722514 0.617634 0.256007 -0.3516 -0.0881 -0.932
0.658411 -0.749999 -0.658417 0.390264 0.234736 0.0055 -1 -0.0056
0.689531 -0.742227 -0.658344 0.382704 0.238133 0.5496 -0.8288 -0.105
0.689531 -0.74224 0.658287 0.382656 0.011867 0.4536 -0.8912 0.0008
0.689531 -0.742227 -0.658344 0.382704 0.238133 0.5496 -0.8288 -0.105
0.714258 -0.72108 -0.655382 0.375 0.241076 0.8644 -0.4967 -0.0778
0.714261 -0.721097 0.655305 0.375 0.00892401 0.7946 -0.6072 -0.0013
0.727445 -0.690859 -0.650129 0.136238 0.992399 0.9767 -0.2146 -0.0085
0.727449 -0.690872 0.650072 0.359882 0.99236 0.9772 -0.2121 0.0073
0.714261 -0.721097 0.655305 0.366076 1 0.7946 -0.6072 -0.0013
0.726394 -0.657547 -0.643621 0.138797 0.984591 0.9712 0.2382 -0.0115
0.726394 -0.657547 0.643619 0.353336 0.984591 0.9533 0.259 0.1552
0.727449 -0.690872 0.650072 0.359882 0.99236 0.9772 -0.2121 0.0073
-0.642605 -0.656664 0.726174 0.60313 0.984444 -0.0106 0.2386 0.971
-0.649314 -0.69034 0.727311 0.609762 0.992301 -0.1222 -0.2611 0.9575
0.650127 -0.690859 0.727447 0.38621 0.992358 0.0071 -0.2112 0.9774
-0.649314 -0.69034 0.727311 0.609762 0.992301 -0.1222 -0.2611 0.9575
-0.654836 -0.720849 0.714194 0.61603 1 -0.1074 -0.6522 0.7504
0.655378 -0.72108 0.714261 0.38392 1 -0.0034 -0.6024 0.7982
-0.654836 -0.720849 0.714194 0.61603 0 -0.1074 -0.6522 0.7504
-0.658088 -0.742182 0.689504 0.613111 0.00766701 -0.1034 -0.9249 0.3658
0.658337 -0.742227 0.689533 0.386863 0.00765598 0.0005 -0.8883 0.4593
-0.658088 -0.742182 0.689504 0.613111 0.00766701 -0.1034 -0.9249 0.3658
-0.658418 -0.749999 0.658416 0.609736 0.015264 0.042 -0.9925 0.1148
0.658411 -0.749999 0.658416 0.390264 0.015264 0.005 -1 0.0049
0.379105 0.677514 0.339245 0.359181 0.762878 0.8748 0.3155 0.3678
0.720095 -0.657556 0.675301 0.362347 0.985698 0.8676 0.3139 0.3857
0.726394 -0.657547 0.643619 0.353336 0.984591 0.9533 0.259 0.1552
0.361648 0.675899 0.364315 0.369289 0.763403 0.6486 0.3343 0.6838
0.702151 -0.657559 0.702158 0.371271 0.986094 0.6107 0.242 0.754
0.720095 -0.657556 0.675301 0.362347 0.985698 0.8676 0.3139 0.3857
0.361648 0.675899 0.364315 0.369289 0.763403 0.6486 0.3343 0.6838
0.335552 0.674273 0.38101 0.379472 0.763382 0.2726 0.3574 0.8933
0.675297 -0.657556 0.720102 0.380089 0.985699 0.372 0.3123 0.8741
0.335552 0.674273 0.38101 0.379472 0.763382 0.2726 0.3574 0.8933
0.30479 0.672883 0.386779 0.389512 0.762853 0.1606 0.3935 0.9052
0.643616 -0.657547 0.726399 0.388797 0.984591 0.0138 0.2383 0.9711
-0.726401 -0.657547 -0.643621 0.853337 0.984591 -0.9711 0.2382 -0.0113
-0.727449 -0.690859 -0.650129 0.859913 0.992399 -0.9562 -0.2659 -0.1221
-0.727449 -0.690872 0.650072 0.63622 0.99236 -0.9772 -0.2121 0.0074
-0.727449 -0.690859 -0.650129 0.859913 0.992399 -0.9562 -0.2659 -0.1221
-0.714265 -0.72108 -0.655382 0.866083 1 -0.746 -0.6574 -0.1064
-0.714265 -0.721097 0.655305 0.633933 1 -0.7975 -0.6033 -0.0027
-0.689539 -0.742227 -0.658344 0.617315 0.238138 -0.456 -0.89 -0.0006
-0.689539 -0.74224 0.658287 0.617345 0.011872 -0.4536 -0.8912 0.0008
-0.714265 -0.721097 0.655305 0.625 0.00893301 -0.7975 -0.6033 -0.0027
-0.658418 -0.749999 -0.658417 0.609736 0.234736 -0.0052 -1 -0.0049
-0.658418 -0.749999 0.658416 0.609736 0.015264 0.042 -0.9925 0.1148
-0.689539 -0.74224 0.658287 0.617345 0.011872 -0.4536 -0.8912 0.0008
-0.33854 0.679096 0.379444 0.609076 0.762566 -0.352 0.3131 0.8821
-0.674674 -0.656859 0.719886 0.612243 0.985586 -0.3776 0.3122 0.8718
-0.642605 -0.656664 0.726174 0.60313 0.984444 -0.0106 0.2386 0.971
-0.363047 0.679175 0.363045 0.618982 0.762827 -0.6659 0.3333 0.6675
-0.701858 -0.657095 0.70199 0.62124 0.986023 -0.7488 0.2479 0.6146
-0.674674 -0.656859 0.719886 0.612243 0.985586 -0.3776 0.3122 0.8718
-0.363047 0.679175 0.363045 0.618982 0.762827 -0.6659 0.3333 0.6675
-0.379446 0.679096 0.338537 0.628795 0.762587 -0.8802 0.3753 0.2904
-0.720022 -0.657337 0.675209 0.630089 0.985667 -0.8707 0.3125 0.3798
-0.379446 0.679096 0.338537 0.628795 0.762587 -0.8802 0.3753 0.2904
-0.385254 0.67887 0.309628 0.638385 0.761855 -0.9162 0.4003 -0.0198
-0.726401 -0.657547 0.643619 0.638797 0.984591 -0.9711 0.2383 0.0109
0.386777 0.672883 -0.304792 0.139512 0.762853 0.9687 0.2482 -0.004
0.373861 0.70335 -0.299094 0.141746 0.756372 0.7986 0.5974 -0.0731
0.372762 0.707189 0.302985 0.352964 0.755974 0.8504 0.5261 0.0044
0.373861 0.70335 -0.299094 0.141746 0.756372 0.7986 0.5974 -0.0731
0.352354 0.728061 -0.295076 0.143162 0.75 0.5756 0.8149 -0.068
0.351687 0.730014 0.297766 0.357296 0.75 0.6343 0.7731 -0.0017
0.352354 0.728061 -0.295076 0.375 0.518162 0.5756 0.8149 -0.068
0.324653 0.744197 -0.293203 0.387655 0.52209 0.2753 0.958 -0.0805
0.324346 0.744822 0.294548 0.387466 0.728164 0.3435 0.9391 0.0041
0.324653 0.744197 -0.293203 0.387655 0.52209 0.2753 0.958 -0.0805
0.293679 0.750001 -0.293683 0.399997 0.524997 0.1713 0.9714 -0.1643
0.293679 0.750001 0.293683 0.399997 0.725003 0.0108 0.9999 0.0068
-0.293687 0.750001 0.293683 0.600004 0.725003 -0.0063 1 0.0063
-0.294558 0.744824 0.324344 0.599176 0.734669 -0.0887 0.9193 0.3835
0.293203 0.744197 0.324655 0.398358 0.73466 0.0038 0.9385 0.3453
-0.294558 0.744824 0.324344 0.599176 0.734669 -0.0887 0.9193 0.3835
-0.297781 0.730016 0.351689 0.598919 0.744053 -0.0874 0.7507 0.6548
0.295078 0.728061 0.352354 0.395997 0.744207 -0.0007 0.7687 0.6396
-0.297781 0.730016 0.351689 0.598919 0.744053 -0.0874 0.7507 0.6548
-0.302996 0.707191 0.372761 0.598918 0.753097 -0.0937 0.4916 0.8658
0.299092 0.70335 0.373861 0.393026 0.753622 0.0041 0.5247 0.8513
-0.302996 0.707191 0.372761 0.598918 0.753097 -0.0937 0.4916 0.8658
-0.309631 0.67887 0.385251 0.59925 0.761855 -0.0045 0.2512 0.9679
0.30479 0.672883 0.386779 0.389512 0.762853 0.1606 0.3935 0.9052
-0.324661 0.744197 -0.293203 0.612423 0.522103 -0.3487 0.9372 -0.0048
-0.324346 0.744822 0.294548 0.612448 0.728371 -0.3452 0.9385 0.0063
-0.293687 0.750001 0.293683 0.600004 0.725003 -0.0063 1 0.0063
-0.352354 0.728061 -0.295076 0.625 0.518195 -0.6418 0.7668 -0.0003
-0.351691 0.730014 0.297766 0.625 0.73271 -0.6311 0.7757 0.0006
-0.324346 0.744822 0.294548 0.612448 0.728371 -0.3452 0.9385 0.0063
-0.373865 0.70335 -0.299094 0.851691 0.75637 -0.8526 0.5225 -0.0058
-0.372766 0.707189 0.302985 0.640603 0.755968 -0.8503 0.5263 0.0034
-0.351691 0.730014 0.297766 0.64229 0.75 -0.6311 0.7757 0.0006
-0.386785 0.672883 -0.304792 0.847082 0.762853 -0.9687 0.2482 -0.0041
-0.385254 0.67887 0.309628 0.638385 0.761855 -0.9162 0.4003 -0.0198
-0.372766 0.707189 0.302985 0.640603 0.755968 -0.8503 0.5263 0.0034
0.726394 -0.657547 -0.643621 0.138797 0.984591 0.9712 0.2382 -0.0115
0.720022 -0.657337 -0.675211 0.131931 0.988315 0.8578 0.2112 -0.4686
0.380596 0.672761 -0.33615 0.132341 0.761159 0.882 0.3147 -0.3508
0.720022 -0.657337 -0.675211 0.131931 0.988315 0.8578 0.2112 -0.4686
0.701858 -0.657095 -0.701992 0.125 0.991429 0.6056 0.2535 -0.7543
0.362834 0.672718 -0.362753 0.125 0.758827 0.6661 0.3353 -0.6662
0.67467 -0.656859 -0.719888 0.385958 0.261769 0.3759 0.3141 -0.8718
0.336215 0.672761 -0.380535 0.389072 0.488853 0.3502 0.3145 -0.8823
0.362834 0.672718 -0.362753 0.375 0.491173 0.6661 0.3353 -0.6662
0.642601 -0.656664 -0.726174 0.396871 0.265556 0.0108 0.2387 -0.971
0.30479 0.672883 -0.38678 0.402919 0.487147 0.0287 0.4291 -0.9028
0.336215 0.672761 -0.380535 0.389072 0.488853 0.3502 0.3145 -0.8823
-0.299099 0.70335 -0.373861 0.606827 0.496493 -0.0044 0.5186 -0.855
0.299099 0.703352 -0.373859 0.402624 0.496501 0.0033 0.522 -0.8529
0.30479 0.672883 -0.38678 0.402919 0.487147 0.0287 0.4291 -0.9028
-0.295078 0.728061 -0.352355 0.603861 0.505889 0.0012 0.7623 -0.6472
0.295085 0.728064 -0.352352 0.402105 0.505884 -0.002 0.7647 -0.6444
0.299099 0.703352 -0.373859 0.402624 0.496501 0.0033 0.522 -0.8529
-0.293203 0.744197 -0.324655 0.601557 0.515388 -0.0043 0.9352 -0.3542
0.29321 0.744199 -0.324653 0.401329 0.515385 0.0712 0.959 -0.2745
0.295085 0.728064 -0.352352 0.402105 0.505884 -0.002 0.7647 -0.6444
-0.293203 0.744197 -0.324655 0.601557 0.515388 -0.0043 0.9352 -0.3542
-0.293687 0.750001 -0.293683 0.600004 0.524997 -0.0108 0.9999 -0.0089
0.293679 0.750001 -0.293683 0.399997 0.524997 0.1713 0.9714 -0.1643
-0.643623 -0.657547 -0.7264 0.611204 0.265409 -0.0112 0.2379 -0.9712
-0.6753 -0.657556 -0.720103 0.618049 0.26166 -0.4668 0.2096 -0.8592
-0.336218 0.672761 -0.380535 0.617648 0.488872 -0.3508 0.3147 -0.882
-0.6753 -0.657556 -0.720103 0.618049 0.26166 -0.4668 0.2096 -0.8592
-0.702155 -0.657559 -0.70216 0.625 0.258526 -0.7523 0.2514 -0.609
-0.362842 0.672718 -0.362753 0.625 0.491174 -0.6655 0.3354 -0.6668
-0.720099 -0.657556 -0.675302 0.864183 0.988324 -0.8712 0.3144 -0.377
-0.380603 0.672761 -0.33615 0.860957 0.761173 -0.8823 0.3146 -0.3502
-0.362842 0.672718 -0.362753 0.875 0.758826 -0.6655 0.3354 -0.6668
-0.726401 -0.657547 -0.643621 0.853337 0.984591 -0.9711 0.2382 -0.0113
-0.386785 0.672883 -0.304792 0.847082 0.762853 -0.9687 0.2482 -0.0041
-0.380603 0.672761 -0.33615 0.860957 0.761173 -0.8823 0.3146 -0.3502
-0.658418 -0.749999 -0.658417 0.609736 0.234736 -0.0052 -1 -0.0049
-0.658345 -0.742227 -0.689534 0.610822 0.242253 -0.1044 -0.83 -0.5479
0.65814 -0.74217 -0.689504 0.391006 0.242248 0.0009 -0.8902 -0.4556
-0.658345 -0.742227 -0.689534 0.610822 0.242253 -0.1044 -0.83 -0.5479
-0.655382 -0.72108 -0.714262 0.611357 0.249819 -0.0773 -0.4994 -0.8629
0.654906 -0.720831 -0.714192 0.392388 0.249827 -0.0018 -0.6048 -0.7964
-0.655382 -0.72108 -0.714262 0.611357 0.249819 -0.0773 -0.4994 -0.8629
-0.650134 -0.690859 -0.727449 0.611415 0.257511 -0.0743 -0.0788 -0.9941
0.649365 -0.690328 -0.727311 0.394403 0.257573 0.0093 -0.2142 -0.9767
-0.650134 -0.690859 -0.727449 0.611415 0.257511 -0.0743 -0.0788 -0.9941
-0.643623 -0.657547 -0.7264 0.611204 0.265409 -0.0112 0.2379 -0.9712
0.642601 -0.656664 -0.726174 0.396871 0.265556 0.0108 0.2387 -0.971
0.30479 0.672883 0.386779 0.389512 0.762853 0.1606 0.3935 0.9052
-0.309631 0.67887 0.385251 0.59925 0.761855 -0.0045 0.2512 0.9679
-0.642605 -0.656664 0.726174 0.60313 0.984444 -0.0106 0.2386 0.971
0.293679 0.750001 -0.293683 0.399997 0.524997 0.1713 0.9714 -0.1643
-0.293687 0.750001 -0.293683 0.600004 0.524997 -0.0108 0.9999 -0.0089
-0.293687 0.750001 0.293683 0.600004 0.725003 -0.0063 1 0.0063
0.642601 -0.656664 -0.726174 0.396871 0.265556 0.0108 0.2387 -0.971
-0.643623 -0.657547 -0.7264 0.611204 0.265409 -0.0112 0.2379 -0.9712
-0.304797 0.672883 -0.38678 0.610489 0.487147 -0.0044 0.2496 -0.9683
0.658411 -0.749999 0.658416 0.390264 0.015264 0.005 -1 0.0049
-0.658418 -0.749999 0.658416 0.609736 0.015264 0.042 -0.9925 0.1148
-0.658418 -0.749999 -0.658417 0.609736 0.234736 -0.0052 -1 -0.0049
-0.386785 0.672883 -0.304792 0.847082 0.762853 -0.9687 0.2482 -0.0041
-0.726401 -0.657547 -0.643621 0.853337 0.984591 -0.9711 0.2382 -0.0113
-0.726401 -0.657547 0.643619 0.638797 0.984591 -0.9711 0.2383 0.0109
0.386777 0.672883 -0.304792 0.139512 0.762853 0.9687 0.2482 -0.004
0.385247 0.67887 0.309628 0.349249 0.761855 0.9678 0.2517 0.0068
0.726394 -0.657547 0.643619 0.353336 0.984591 0.9533 0.259 0.1552
0.727449 -0.690872 0.650072 0.359882 0.99236 0.9772 -0.2121 0.0073
0.726394 -0.657547 0.643619 0.353336 0.984591 0.9533 0.259 0.1552
0.720095 -0.657556 0.675301 0.362347 0.985698 0.8676 0.3139 0.3857
0.714261 -0.721097 0.655305 0.366076 1 0.7946 -0.6072 -0.0013
0.727449 -0.690872 0.650072 0.359882 0.99236 0.9772 -0.2121 0.0073
0.722512 -0.68743 0.678228 0.365957 0.992499 0.932 -0.0883 0.3514
0.689531 -0.74224 0.658287 0.382656 0.011867 0.4536 -0.8912 0.0008
0.714261 -0.721097 0.655305 0.375 0.00892401 0.7946 -0.6072 -0.0013
0.711335 -0.717964 0.67916 0.375 0.00463098 0.7874 -0.5221 0.3276
0.686294 -0.737002 0.686255 0.381535 0.006513 0.4125 -0.8125 0.412
0.658337 -0.742227 0.689533 0.386863 0.00765598 0.0005 -0.8883 0.4593
0.658411 -0.749999 0.658416 0.390264 0.015264 0.005 -1 0.0049
0.679211 -0.717958 0.711319 0.379629 0 0.3284 -0.5221 0.7872
0.655378 -0.72108 0.714261 0.38392 0 -0.0034 -0.6024 0.7982
0.658337 -0.742227 0.689533 0.386863 0.00765598 0.0005 -0.8883 0.4593
0.678259 -0.687427 0.722503 0.38009 0.992495 0.352 -0.0883 0.9318
0.650127 -0.690859 0.727447 0.38621 0.992358 0.0071 -0.2112 0.9774
0.655378 -0.72108 0.714261 0.38392 1 -0.0034 -0.6024 0.7982
0.675297 -0.657556 0.720102 0.380089 0.985699 0.372 0.3123 0.8741
0.643616 -0.657547 0.726399 0.388797 0.984591 0.0138 0.2383 0.9711
0.650127 -0.690859 0.727447 0.38621 0.992358 0.0071 -0.2112 0.9774
0.705033 -0.682683 0.705016 0.372957 0.992264 0.7073 -0 0.7069
0.702151 -0.657559 0.702158 0.371271 0.986094 0.6107 0.242 0.754
0.675297 -0.657556 0.720102 0.380089 0.985699 0.372 0.3123 0.8741
0.720095 -0.657556 0.675301 0.362347 0.985698 0.8676 0.3139 0.3857
0.702151 -0.657559 0.702158 0.371271 0.986094 0.6107 0.242 0.754
0.705033 -0.682683 0.705016 0.372957 0.992264 0.7073 -0 0.7069
0.701572 -0.708608 0.701539 0.375 1 0.6561 -0.3737 0.6556
0.711335 -0.717964 0.67916 0.370369 1 0.7874 -0.5221 0.3276
0.722512 -0.68743 0.678228 0.365957 0.992499 0.932 -0.0883 0.3514
0.701572 -0.708608 0.701539 0.375 0 0.6561 -0.3737 0.6556
0.679211 -0.717958 0.711319 0.379629 0 0.3284 -0.5221 0.7872
0.686294 -0.737002 0.686255 0.381535 0.006513 0.4125 -0.8125 0.412
0.701572 -0.708608 0.701539 0.375 1 0.6561 -0.3737 0.6556
0.705033 -0.682683 0.705016 0.372957 0.992264 0.7073 -0 0.7069
0.678259 -0.687427 0.722503 0.38009 0.992495 0.352 -0.0883 0.9318
-0.68614 -0.73696 0.686224 0.618472 0.006558 -0.4112 -0.8104 0.4173
-0.689539 -0.74224 0.658287 0.617345 0.011872 -0.4536 -0.8912 0.0008
-0.658418 -0.749999 0.658416 0.609736 0.015264 0.042 -0.9925 0.1148
-0.711266 -0.717907 0.679125 0.625 0.00464302 -0.7862 -0.5204 0.3333
-0.714265 -0.721097 0.655305 0.625 0.00893301 -0.7975 -0.6033 -0.0027
-0.689539 -0.74224 0.658287 0.617345 0.011872 -0.4536 -0.8912 0.0008
-0.722446 -0.687297 0.678169 0.630109 0.992484 -0.9304 -0.087 0.356
-0.727449 -0.690872 0.650072 0.63622 0.99236 -0.9772 -0.2121 0.0074
-0.714265 -0.721097 0.655305 0.633933 1 -0.7975 -0.6033 -0.0027
-0.720022 -0.657337 0.675209 0.630089 0.985667 -0.8707 0.3125 0.3798
-0.726401 -0.657547 0.643619 0.638797 0.984591 -0.9711 0.2383 0.0109
-0.727449 -0.690872 0.650072 0.63622 0.99236 -0.9772 -0.2121 0.0074
-0.704773 -0.682367 0.704898 0.622955 0.992232 -0.7026 0.0023 0.7116
-0.701858 -0.657095 0.70199 0.62124 0.986023 -0.7488 0.2479 0.6146
-0.720022 -0.657337 0.675209 0.630089 0.985667 -0.8707 0.3125 0.3798
-0.674674 -0.656859 0.719886 0.612243 0.985586 -0.3776 0.3122 0.8718
-0.701858 -0.657095 0.70199 0.62124 0.986023 -0.7488 0.2479 0.6146
-0.704773 -0.682367 0.704898 0.622955 0.992232 -0.7026 0.0023 0.7116
-0.649314 -0.69034 0.727311 0.609762 0.992301 -0.1222 -0.2611 0.9575
-0.642605 -0.656664 0.726174 0.60313 0.984444 -0.0106 0.2386 0.971
-0.674674 -0.656859 0.719886 0.612243 0.985586 -0.3776 0.3122 0.8718
-0.654836 -0.720849 0.714194 0.61603 1 -0.1074 -0.6522 0.7504
-0.649314 -0.69034 0.727311 0.609762 0.992301 -0.1222 -0.2611 0.9575
-0.677732 -0.686985 0.722364 0.615909 0.992451 -0.3482 -0.0845 0.9336
-0.658088 -0.742182 0.689504 0.613111 0.00766701 -0.1034 -0.9249 0.3658
-0.654836 -0.720849 0.714194 0.61603 0 -0.1074 -0.6522 0.7504
-0.678831 -0.717749 0.711246 0.620348 0 -0.3255 -0.5172 0.7915
-0.701349 -0.708427 0.701466 0.625 0 -0.6524 -0.3702 0.6613
-0.711266 -0.717907 0.679125 0.625 0.00464302 -0.7862 -0.5204 0.3333
-0.68614 -0.73696 0.686224 0.618472 0.006558 -0.4112 -0.8104 0.4173
-0.701349 -0.708427 0.701466 0.625 1 -0.6524 -0.3702 0.6613
-0.704773 -0.682367 0.704898 0.622955 0.992232 -0.7026 0.0023 0.7116
-0.722446 -0.687297 0.678169 0.630109 0.992484 -0.9304 -0.087 0.356
-0.701349 -0.708427 0.701466 0.625 1 -0.6524 -0.3702 0.6613
-0.678831 -0.717749 0.711246 0.620348 1 -0.3255 -0.5172 0.7915
-0.677732 -0.686985 0.722364 0.615909 0.992451 -0.3482 -0.0845 0.9336
0.321101 0.740773 0.322339 0.387534 0.736845 0.2707 0.9122 0.3075
0.324346 0.744822 0.294548 0.387466 0.728164 0.3435 0.9391 0.0041
0.293679 0.750001 0.293683 0.399997 0.725003 0.0108 0.9999 0.0068
0.349226 0.727303 0.321081 0.375 0.740821 0.5634 0.7812 0.2689
0.351687 0.730014 0.297766 0.375 0.732296 0.6343 0.7731 -0.0017
0.324346 0.744822 0.294548 0.387466 0.728164 0.3435 0.9391 0.0041
0.372762 0.707189 0.302985 0.352964 0.755974 0.8504 0.5261 0.0044
0.351687 0.730014 0.297766 0.357296 0.75 0.6343 0.7731 -0.0017
0.349226 0.727303 0.321081 0.365821 0.75 0.5634 0.7812 0.2689
0.369119 0.703571 0.33025 0.361742 0.756789 0.7697 0.5483 0.3271
0.379105 0.677514 0.339245 0.359181 0.762878 0.8748 0.3155 0.3678
0.385247 0.67887 0.309628 0.349249 0.761855 0.9678 0.2517 0.0068
0.35417 0.698607 0.356463 0.371764 0.757471 0.5756 0.5194 0.6316
0.361648 0.675899 0.364315 0.369289 0.763403 0.6486 0.3343 0.6838
0.379105 0.677514 0.339245 0.359181 0.762878 0.8748 0.3155 0.3678
0.335552 0.674273 0.38101 0.379472 0.763382 0.2726 0.3574 0.8933
0.361648 0.675899 0.364315 0.369289 0.763403 0.6486 0.3343 0.6838
0.35417 0.698607 0.356463 0.371764 0.757471 0.5756 0.5194 0.6316
0.327151 0.701364 0.370637 0.382854 0.755829 0.2721 0.53 0.8032
0.299092 0.70335 0.373861 0.393026 0.753622 0.0041 0.5247 0.8513
0.30479 0.672883 0.386779 0.389512 0.762853 0.1606 0.3935 0.9052
0.318801 0.726132 0.350403 0.38656 0.746519 0.2214 0.7656 0.6041
0.295078 0.728061 0.352354 0.395997 0.744207 -0.0007 0.7687 0.6396
0.299092 0.70335 0.373861 0.393026 0.753622 0.0041 0.5247 0.8513
0.293203 0.744197 0.324655 0.398358 0.73466 0.0038 0.9385 0.3453
0.295078 0.728061 0.352354 0.395997 0.744207 -0.0007 0.7687 0.6396
0.318801 0.726132 0.350403 0.38656 0.746519 0.2214 0.7656 0.6041
0.342473 0.71963 0.344346 0.375 0.75 0.4698 0.7131 0.5203
0.349226 0.727303 0.321081 0.375 0.740821 0.5634 0.7812 0.2689
0.321101 0.740773 0.322339 0.387534 0.736845 0.2707 0.9122 0.3075
0.342473 0.71963 0.344346 0.375 0.75 0.4698 0.7131 0.5203
0.35417 0.698607 0.356463 0.371764 0.757471 0.5756 0.5194 0.6316
0.369119 0.703571 0.33025 0.361742 0.756789 0.7697 0.5483 0.3271
0.342473 0.71963 0.344346 0.375 0.75 0.4698 0.7131 0.5203
0.318801 0.726132 0.350403 0.38656 0.746519 0.2214 0.7656 0.6041
0.327151 0.701364 0.370637 0.382854 0.755829 0.2721 0.53 0.8032
-0.369459 0.704629 0.329731 0.631464 0.756699 -0.7807 0.5512 0.2946
-0.372766 0.707189 0.302985 0.640603 0.755968 -0.8503 0.5263 0.0034
-0.385254 0.67887 0.309628 0.638385 0.761855 -0.9162 0.4003 -0.0198
-0.349673 0.727868 0.320733 0.633912 0.75 -0.569 0.7888 0.2326
-0.351691 0.730014 0.297766 0.64229 0.75 -0.6311 0.7757 0.0006
-0.372766 0.707189 0.302985 0.640603 0.755968 -0.8503 0.5263 0.0034
-0.322002 0.741315 0.321993 0.611042 0.736972 -0.2777 0.9197 0.2776
-0.324346 0.744822 0.294548 0.612448 0.728371 -0.3452 0.9385 0.0063
-0.351691 0.730014 0.297766 0.625 0.73271 -0.6311 0.7757 0.0006
-0.322002 0.741315 0.321993 0.611042 0.736972 -0.2777 0.9197 0.2776
-0.294558 0.744824 0.324344 0.599176 0.734669 -0.0887 0.9193 0.3835
-0.293687 0.750001 0.293683 0.600004 0.725003 -0.0063 1 0.0063
-0.297781 0.730016 0.351689 0.598919 0.744053 -0.0874 0.7507 0.6548
-0.294558 0.744824 0.324344 0.599176 0.734669 -0.0887 0.9193 0.3835
-0.322002 0.741315 0.321993 0.611042 0.736972 -0.2777 0.9197 0.2776
-0.302996 0.707191 0.372761 0.598918 0.753097 -0.0937 0.4916 0.8658
-0.297781 0.730016 0.351689 0.598919 0.744053 -0.0874 0.7507 0.6548
-0.320742 0.727869 0.349667 0.609808 0.746428 -0.2326 0.7888 0.569
-0.329736 0.70463 0.369457 0.609683 0.755431 -0.2946 0.5511 0.7807
-0.33854 0.679096 0.379444 0.609076 0.762566 -0.352 0.3131 0.8821
-0.309631 0.67887 0.385251 0.59925 0.761855 -0.0045 0.2512 0.9679
-0.355466 0.700982 0.355461 0.621029 0.75723 -0.5986 0.5323 0.5986
-0.363047 0.679175 0.363045 0.618982 0.762827 -0.6659 0.3333 0.6675
-0.33854 0.679096 0.379444 0.609076 0.762566 -0.352 0.3131 0.8821
-0.379446 0.679096 0.338537 0.628795 0.762587 -0.8802 0.3753 0.2904
-0.363047 0.679175 0.363045 0.618982 0.762827 -0.6659 0.3333 0.6675
-0.355466 0.700982 0.355461 0.621029 0.75723 -0.5986 0.5323 0.5986
-0.343645 0.721116 0.34364 0.625 0.75 -0.486 0.7264 0.4859
-0.349673 0.727868 0.320733 0.633912 0.75 -0.569 0.7888 0.2326
-0.369459 0.704629 0.329731 0.631464 0.756699 -0.7807 0.5512 0.2946
-0.343645 0.721116 0.34364 0.625 0.75 -0.486 0.7264 0.4859
-0.320742 0.727869 0.349667 0.609808 0.746428 -0.2326 0.7888 0.569
-0.322002 0.741315 0.321993 0.611042 0.736972 -0.2777 0.9197 0.2776
-0.343645 0.721116 0.34364 0.625 0.75 -0.486 0.7264 0.4859
-0.355466 0.700982 0.355461 0.621029 0.75723 -0.5986 0.5323 0.5986
-0.329736 0.70463 0.369457 0.609683 0.755431 -0.2946 0.5511 0.7807
0.327649 0.70035 -0.370201 0.389775 0.495304 0.305 0.5269 -0.7933
0.336215 0.672761 -0.380535 0.389072 0.488853 0.3502 0.3145 -0.8823
0.30479 0.672883 -0.38678 0.402919 0.487147 0.0287 0.4291 -0.9028
0.355115 0.696302 -0.355048 0.375 0.495448 0.6097 0.5065 -0.6097
0.362834 0.672718 -0.362753 0.375 0.491173 0.6661 0.3353 -0.6662
0.336215 0.672761 -0.380535 0.389072 0.488853 0.3502 0.3145 -0.8823
0.380596 0.672761 -0.33615 0.132341 0.761159 0.882 0.3147 -0.3508
0.362834 0.672718 -0.362753 0.125 0.758827 0.6661 0.3353 -0.6662
0.355115 0.696302 -0.355048 0.125 0.754552 0.6097 0.5065 -0.6097
0.370247 0.700356 -0.327599 0.133504 0.75601 0.7935 0.527 -0.3043
0.373861 0.70335 -0.299094 0.141746 0.756372 0.7986 0.5974 -0.0731
0.386777 0.672883 -0.304792 0.139512 0.762853 0.9687 0.2482 -0.004
0.349929 0.72559 -0.319107 0.134393 0.75 0.5967 0.7612 -0.2541
0.352354 0.728061 -0.295076 0.143162 0.75 0.5756 0.8149 -0.068
0.373861 0.70335 -0.299094 0.141746 0.756372 0.7986 0.5974 -0.0731
0.324653 0.744197 -0.293203 0.387655 0.52209 0.2753 0.958 -0.0805
0.352354 0.728061 -0.295076 0.375 0.518162 0.5756 0.8149 -0.068
0.349929 0.72559 -0.319107 0.375 0.509393 0.5967 0.7612 -0.2541
0.321431 0.740244 -0.321407 0.389215 0.513354 0.3015 0.9046 -0.3014
0.29321 0.744199 -0.324653 0.401329 0.515385 0.0712 0.959 -0.2745
0.293679 0.750001 -0.293683 0.399997 0.524997 0.1713 0.9714 -0.1643
0.319138 0.725595 -0.349902 0.390557 0.503799 0.2545 0.761 -0.5967
0.295085 0.728064 -0.352352 0.402105 0.505884 -0.002 0.7647 -0.6444
0.29321 0.744199 -0.324653 0.401329 0.515385 0.0712 0.959 -0.2745
0.299099 0.703352 -0.373859 0.402624 0.496501 0.0033 0.522 -0.8529
0.295085 0.728064 -0.352352 0.402105 0.505884 -0.002 0.7647 -0.6444
0.319138 0.725595 -0.349902 0.390557 0.503799 0.2545 0.761 -0.5967
0.343147 0.718189 -0.343096 0.375 0.5 0.5052 0.6997 -0.5052
0.355115 0.696302 -0.355048 0.375 0.495448 0.6097 0.5065 -0.6097
0.327649 0.70035 -0.370201 0.389775 0.495304 0.305 0.5269 -0.7933
0.343147 0.718189 -0.343096 0.125 0.75 0.5052 0.6997 -0.5052
0.349929 0.72559 -0.319107 0.134393 0.75 0.5967 0.7612 -0.2541
0.370247 0.700356 -0.327599 0.133504 0.75601 0.7935 0.527 -0.3043
0.343147 0.718189 -0.343096 0.375 0.5 0.5052 0.6997 -0.5052
0.319138 0.725595 -0.349902 0.390557 0.503799 0.2545 0.761 -0.5967
0.321431 0.740244 -0.321407 0.389215 0.513354 0.3015 0.9046 -0.3014
-0.370254 0.700355 -0.3276 0.8623 0.756025 -0.7935 0.5271 -0.3044
-0.380603 0.672761 -0.33615 0.860957 0.761173 -0.8823 0.3146 -0.3502
-0.386785 0.672883 -0.304792 0.847082 0.762853 -0.9687 0.2482 -0.0041
-0.355118 0.696301 -0.355049 0.875 0.754551 -0.6096 0.5065 -0.6097
-0.362842 0.672718 -0.362753 0.875 0.758826 -0.6655 0.3354 -0.6668
-0.380603 0.672761 -0.33615 0.860957 0.761173 -0.8823 0.3146 -0.3502
-0.336218 0.672761 -0.380535 0.617648 0.488872 -0.3508 0.3147 -0.882
-0.362842 0.672718 -0.362753 0.625 0.491174 -0.6655 0.3354 -0.6668
-0.355118 0.696301 -0.355049 0.625 0.495449 -0.6096 0.5065 -0.6097
-0.327649 0.700348 -0.370203 0.615742 0.495307 -0.305 0.5269 -0.7933
-0.299099 0.70335 -0.373861 0.606827 0.496493 -0.0044 0.5186 -0.855
-0.304797 0.672883 -0.38678 0.610489 0.487147 -0.0044 0.2496 -0.9683
-0.319138 0.725593 -0.349903 0.613069 0.503747 -0.2545 0.7611 -0.5966
-0.295078 0.728061 -0.352355 0.603861 0.505889 0.0012 0.7623 -0.6472
-0.299099 0.70335 -0.373861 0.606827 0.496493 -0.0044 0.5186 -0.855
-0.293203 0.744197 -0.324655 0.601557 0.515388 -0.0043 0.9352 -0.3542
-0.295078 0.728061 -0.352355 0.603861 0.505889 0.0012 0.7623 -0.6472
-0.319138 0.725593 -0.349903 0.613069 0.503747 -0.2545 0.7611 -0.5966
-0.321427 0.740243 -0.321407 0.61227 0.513362 -0.3015 0.9046 -0.3015
-0.324661 0.744197 -0.293203 0.612423 0.522103 -0.3487 0.9372 -0.0048
-0.293687 0.750001 -0.293683 0.600004 0.524997 -0.0108 0.9999 -0.0089
-0.349937 0.72559 -0.319107 0.625 0.509411 -0.5966 0.7612 -0.2541
-0.352354 0.728061 -0.295076 0.625 0.518195 -0.6418 0.7668 -0.0003
-0.324661 0.744197 -0.293203 0.612423 0.522103 -0.3487 0.9372 -0.0048
-0.373865 0.70335 -0.299094 0.851691 0.75637 -0.8526 0.5225 -0.0058
-0.352354 0.728061 -0.295076 0.856805 0.75 -0.6418 0.7668 -0.0003
-0.349937 0.72559 -0.319107 0.865589 0.75 -0.5966 0.7612 -0.2541
-0.343147 0.718188 -0.343096 0.875 0.75 -0.5051 0.6998 -0.5051
-0.355118 0.696301 -0.355049 0.875 0.754551 -0.6096 0.5065 -0.6097
-0.370254 0.700355 -0.3276 0.8623 0.756025 -0.7935 0.5271 -0.3044
-0.343147 0.718188 -0.343096 0.625 0.5 -0.5051 0.6998 -0.5051
-0.319138 0.725593 -0.349903 0.613069 0.503747 -0.2545 0.7611 -0.5966
-0.327649 0.700348 -0.370203 0.615742 0.495307 -0.305 0.5269 -0.7933
-0.343147 0.718188 -0.343096 0.625 0.5 -0.5051 0.6998 -0.5051
-0.349937 0.72559 -0.319107 0.625 0.509411 -0.5966 0.7612 -0.2541
-0.321427 0.740243 -0.321407 0.61227 0.513362 -0.3015 0.9046 -0.3015
0.686169 -0.73694 -0.686259 0.383551 0.243364 0.4112 -0.8104 -0.4173
0.689531 -0.742227 -0.658344 0.382704 0.238133 0.5496 -0.8288 -0.105
0.658411 -0.749999 -0.658417 0.390264 0.234736 0.0055 -1 -0.0056
0.711277 -0.717887 -0.679177 0.375 0.245361 0.7864 -0.5202 -0.3331
0.714258 -0.72108 -0.655382 0.375 0.241076 0.8644 -0.4967 -0.0778
0.689531 -0.742227 -0.658344 0.382704 0.238133 0.5496 -0.8288 -0.105
0.72245 -0.687284 -0.678203 0.131018 0.993888 0.9305 -0.0866 -0.356
0.727445 -0.690859 -0.650129 0.136238 0.992399 0.9767 -0.2146 -0.0085
0.714258 -0.72108 -0.655382 0.133924 1 0.8644 -0.4967 -0.0778
0.720022 -0.657337 -0.675211 0.131931 0.988315 0.8578 0.2112 -0.4686
0.726394 -0.657547 -0.643621 0.138797 0.984591 0.9712 0.2382 -0.0115
0.727445 -0.690859 -0.650129 0.136238 0.992399 0.9767 -0.2146 -0.0085
0.704784 -0.682353 -0.704914 0.125 0.99564 0.7025 0.0031 -0.7116
0.701858 -0.657095 -0.701992 0.125 0.991429 0.6056 0.2535 -0.7543
0.720022 -0.657337 -0.675211 0.131931 0.988315 0.8578 0.2112 -0.4686
0.67467 -0.656859 -0.719888 0.385958 0.261769 0.3759 0.3141 -0.8718
0.701858 -0.657095 -0.701992 0.375 0.258571 0.6056 0.2535 -0.7543
0.704784 -0.682353 -0.704914 0.375 0.25436 0.7025 0.0031 -0.7116
0.649365 -0.690328 -0.727311 0.394403 0.257573 0.0093 -0.2142 -0.9767
0.642601 -0.656664 -0.726174 0.396871 0.265556 0.0108 0.2387 -0.971
0.67467 -0.656859 -0.719888 0.385958 0.261769 0.3759 0.3141 -0.8718
0.654906 -0.720831 -0.714192 0.392388 0.249827 -0.0018 -0.6048 -0.7964
0.649365 -0.690328 -0.727311 0.394403 0.257573 0.0093 -0.2142 -0.9767
0.677761 -0.686972 -0.722369 0.385505 0.256063 0.3482 -0.0841 -0.9337
0.65814 -0.74217 -0.689504 0.391006 0.242248 0.0009 -0.8902 -0.4556
0.654906 -0.720831 -0.714192 0.392388 0.249827 -0.0018 -0.6048 -0.7964
0.678882 -0.717729 -0.71126 0.38497 0.249694 0.3254 -0.517 -0.7917
0.701374 -0.708407 -0.701494 0.375 0.25 0.6525 -0.3698 -0.6614
0.711277 -0.717887 -0.679177 0.375 0.245361 0.7864 -0.5202 -0.3331
0.686169 -0.73694 -0.686259 0.383551 0.243364 0.4112 -0.8104 -0.4173
0.701374 -0.708407 -0.701494 0.125 1 0.6525 -0.3698 -0.6614
0.704784 -0.682353 -0.704914 0.125 0.99564 0.7025 0.0031 -0.7116
0.72245 -0.687284 -0.678203 0.131018 0.993888 0.9305 -0.0866 -0.356
0.701374 -0.708407 -0.701494 0.375 0.25 0.6525 -0.3698 -0.6614
0.678882 -0.717729 -0.71126 0.38497 0.249694 0.3254 -0.517 -0.7917
0.677761 -0.686972 -0.722369 0.385505 0.256063 0.3482 -0.0841 -0.9337
-0.727449 -0.690859 -0.650129 0.859913 0.992399 -0.9562 -0.2659 -0.1221
-0.726401 -0.657547 -0.643621 0.853337 0.984591 -0.9711 0.2382 -0.0113
-0.720099 -0.657556 -0.675302 0.864183 0.988324 -0.8712 0.3144 -0.377
-0.714265 -0.72108 -0.655382 0.866083 1 -0.746 -0.6574 -0.1064
-0.727449 -0.690859 -0.650129 0.859913 0.992399 -0.9562 -0.2659 -0.1221
-0.722512 -0.687422 -0.678265 0.866862 0.993883 -0.932 -0.088 -0.3516
-0.689539 -0.742227 -0.658344 0.617315 0.238138 -0.456 -0.89 -0.0006
-0.714265 -0.72108 -0.655382 0.625 0.241083 -0.746 -0.6574 -0.1064
-0.711335 -0.717951 -0.679215 0.625 0.245372 -0.7873 -0.522 -0.328
-0.686294 -0.736992 -0.686296 0.617292 0.24341 -0.4123 -0.8124 -0.4123
-0.658345 -0.742227 -0.689534 0.610822 0.242253 -0.1044 -0.83 -0.5479
-0.658418 -0.749999 -0.658417 0.609736 0.234736 -0.0052 -1 -0.0049
-0.679211 -0.717951 -0.711338 0.617148 0.249668 -0.328 -0.522 -0.7874
-0.655382 -0.72108 -0.714262 0.611357 0.249819 -0.0773 -0.4994 -0.8629
-0.658345 -0.742227 -0.689534 0.610822 0.242253 -0.1044 -0.83 -0.5479
-0.678259 -0.687422 -0.722514 0.617634 0.256007 -0.3516 -0.0881 -0.932
-0.650134 -0.690859 -0.727449 0.611415 0.257511 -0.0743 -0.0788 -0.9941
-0.655382 -0.72108 -0.714262 0.611357 0.249819 -0.0773 -0.4994 -0.8629
-0.6753 -0.657556 -0.720103 0.618049 0.26166 -0.4668 0.2096 -0.8592
-0.643623 -0.657547 -0.7264 0.611204 0.265409 -0.0112 0.2379 -0.9712
-0.650134 -0.690859 -0.727449 0.611415 0.257511 -0.0743 -0.0788 -0.9941
-0.705037 -0.682677 -0.705037 0.625 0.25434 -0.7071 0.0003 -0.7071
-0.702155 -0.657559 -0.70216 0.625 0.258526 -0.7523 0.2514 -0.609
-0.6753 -0.657556 -0.720103 0.618049 0.26166 -0.4668 0.2096 -0.8592
-0.720099 -0.657556 -0.675302 0.864183 0.988324 -0.8712 0.3144 -0.377
-0.702155 -0.657559 -0.70216 0.875 0.991474 -0.7523 0.2514 -0.609
-0.705037 -0.682677 -0.705037 0.875 0.99566 -0.7071 0.0003 -0.7071
-0.701569 -0.708598 -0.701572 0.875 1 -0.6559 -0.3735 -0.656
-0.711335 -0.717951 -0.679215 0.870372 1 -0.7873 -0.522 -0.328
-0.722512 -0.687422 -0.678265 0.866862 0.993883 -0.932 -0.088 -0.3516
-0.701569 -0.708598 -0.701572 0.625 0.25 -0.6559 -0.3735 -0.656
-0.679211 -0.717951 -0.711338 0.617148 0.249668 -0.328 -0.522 -0.7874
-0.686294 -0.736992 -0.686296 0.617292 0.24341 -0.4123 -0.8124 -0.4123
-0.701569 -0.708598 -0.701572 0.625 0.25 -0.6559 -0.3735 -0.656
-0.705037 -0.682677 -0.705037 0.625 0.25434 -0.7071 0.0003 -0.7071
-0.678259 -0.687422 -0.722514 0.617634 0.256007 -0.3516 -0.0881 -0.932
