Vertex Count: 372

Data:

0 -0.25 0.75 1 0.5 0.098 0 0.9952
0.146318 -0.25 0.735589 0.96875 0.5 0.098 0 0.9952
0 0.25 0.75 1 0 0.098 0 0.9952
0.146318 -0.25 0.735589 0.96875 0.5 0.2903 0 0.9569
0.287013 -0.25 0.69291 0.9375 0.5 0.2903 0 0.9569
0.146318 0.25 0.735589 0.96875 0 0.2903 0 0.9569
0.287013 -0.25 0.69291 0.9375 0.5 0.4714 0 0.8819
0.416678 -0.25 0.623602 0.90625 0.5 0.4714 0 0.8819
0.287013 0.25 0.69291 0.9375 0 0.4714 0 0.8819
0.416678 -0.25 0.623602 0.90625 0.5 0.6344 0 0.773
0.53033 -0.25 0.53033 0.875 0.5 0.6344 0 0.773
0.416678 0.25 0.623602 0.90625 0 0.6344 0 0.773
0.53033 -0.25 0.53033 0.875 0.5 0.773 0 0.6344
0.623602 -0.25 0.416678 0.84375 0.5 0.773 0 0.6344
0.53033 0.25 0.53033 0.875 0 0.773 0 0.6344
0.623602 -0.25 0.416678 0.84375 0.5 0.8819 0 0.4714
0.69291 -0.25 0.287013 0.8125 0.5 0.8819 0 0.4714
0.623602 0.25 0.416678 0.84375 0 0.8819 0 0.4714
0.69291 -0.25 0.287013 0.8125 0.5 0.9569 0 0.2903
0.735589 -0.25 0.146318 0.78125 0.5 0.9569 0 0.2903
0.69291 0.25 0.287013 0.8125 0 0.9569 0 0.2903
0.735589 -0.25 0.146318 0.78125 0.5 0.9952 0 0.098
0.75 -0.25 0 0.75 0.5 0.9952 0 0.098
0.735589 0.25 0.146318 0.78125 0 0.9952 0 0.098
0.75 -0.25 0 0.75 0.5 0.9952 0 -0.098
0.735589 -0.25 -0.146318 0.71875 0.5 0.9952 0 -0.098
0.75 0.25 0 0.75 0 0.9952 0 -0.098
0.735589 -0.25 -0.146318 0.71875 0.5 0.9569 0 -0.2903
0.69291 -0.25 -0.287012 0.6875 0.5 0.9569 0 -0.2903
0.735589 0.25 -0.146318 0.71875 0 0.9569 0 -0.2903
0.69291 -0.25 -0.287012 0.6875 0.5 0.8819 0 -0.4714
0.623602 -0.25 -0.416678 0.65625 0.5 0.8819 0 -0.4714
0.69291 0.25 -0.287012 0.6875 0 0.8819 0 -0.4714
0.623602 -0.25 -0.416678 0.65625 0.5 0.773 0 -0.6344
0.53033 -0.25 -0.53033 0.625 0.5 0.773 0 -0.6344
0.623602 0.25 -0.416678 0.65625 0 0.773 0 -0.6344
0.53033 -0.25 -0.53033 0.625 0.5 0.6344 0 -0.773
0.416678 -0.25 -0.623602 0.59375 0.5 0.6344 0 -0.773
0.53033 0.25 -0.53033 0.625 0 0.6344 0 -0.773
0.416678 -0.25 -0.623602 0.59375 0.5 0.4714 0 -0.8819
0.287012 -0.25 -0.69291 0.5625 0.5 0.4714 0 -0.8819
0.416678 0.25 -0.623602 0.59375 0 0.4714 0 -0.8819
0.287012 -0.25 -0.69291 0.5625 0.5 0.2903 0 -0.9569
0.146318 -0.25 -0.735589 0.53125 0.5 0.2903 0 -0.9569
0.287012 0.25 -0.69291 0.5625 0 0.2903 0 -0.9569
0.146318 -0.25 -0.735589 0.53125 0.5 0.098 0 -0.9952
-0 -0.25 -0.75 0.5 0.5 0.098 0 -0.9952
0.146318 0.25 -0.735589 0.53125 0 0.098 0 -0.9952
-0 -0.25 -0.75 0.5 0.5 -0.098 0 -0.9952
-0.146318 -0.25 -0.735589 0.46875 0.5 -0.098 0 -0.9952
-0 0.25 -0.75 0.5 0 -0.098 0 -0.9952
-0.146318 -0.25 -0.735589 0.46875 0.5 -0.2903 0 -0.9569
-0.287013 -0.25 -0.692909 0.4375 0.5 -0.2903 0 -0.9569
-0.146318 0.25 -0.735589 0.46875 0 -0.2903 0 -0.9569
-0.287013 -0.25 -0.692909 0.4375 0.5 -0.4714 0 -0.8819
-0.416678 -0.25 -0.623602 0.40625 0.5 -0.4714 0 -0.8819
-0.287013 0.25 -0.692909 0.4375 0 -0.4714 0 -0.8819
-0.416678 -0.25 -0.623602 0.40625 0.5 -0.6344 0 -0.773
-0.53033 -0.25 -0.53033 0.375 0.5 -0.6344 0 -0.773
-0.416678 0.25 -0.623602 0.40625 0 -0.6344 0 -0.773
-0.53033 -0.25 -0.53033 0.375 0.5 -0.773 0 -0.6344
-0.623603 -0.25 -0.416677 0.34375 0.5 -0.773 0 -0.6344
-0.53033 0.25 -0.53033 0.375 0 -0.773 0 -0.6344
-0.623603 -0.25 -0.416677 0.34375 0.5 -0.8819 0 -0.4714
-0.69291 -0.25 -0.287012 0.3125 0.5 -0.8819 0 -0.4714
-0.623603 0.25 -0.416677 0.34375 0 -0.8819 0 -0.4714
-0.69291 -0.25 -0.287012 0.3125 0.5 -0.9569 0 -0.2903
-0.735589 -0.25 -0.146317 0.28125 0.5 -0.9569 0 -0.2903
-0.69291 0.25 -0.287012 0.3125 0 -0.9569 0 -0.2903
-0.735589 -0.25 -0.146317 0.28125 0.5 -0.9952 0 -0.098
-0.75 -0.25 1e-06 0.25 0.5 -0.9952 0 -0.098
-0.735589 0.25 -0.146317 0.28125 0 -0.9952 0 -0.098
-0.75 -0.25 1e-06 0.25 0.5 -0.9952 0 0.098
-0.735589 -0.25 0.146319 0.21875 0.5 -0.9952 0 0.098
-0.75 0.25 1e-06 0.25 0 -0.9952 0 0.098
-0.735589 -0.25 0.146319 0.21875 0.5 -0.9569 0 0.2903
-0.692909 -0.25 0.287013 0.1875 0.5 -0.9569 0 0.2903
-0.735589 0.25 0.146319 0.21875 0 -0.9569 0 0.2903
-0.692909 -0.25 0.287013 0.1875 0.5 -0.8819 0 0.4714
-0.623602 -0.25 0.416678 0.15625 0.5 -0.8819 0 0.4714
-0.692909 0.25 0.287013 0.1875 0 -0.8819 0 0.4714
-0.623602 -0.25 0.416678 0.15625 0.5 -0.773 0 0.6344
-0.530329 -0.25 0.530331 0.125 0.5 -0.773 0 0.6344
-0.623602 0.25 0.416678 0.15625 0 -0.773 0 0.6344
-0.530329 -0.25 0.530331 0.125 0.5 -0.6344 0 0.773
-0.416677 -0.25 0.623603 0.09375 0.5 -0.6344 0 0.773
-0.530329 0.25 0.530331 0.125 0 -0.6344 0 0.773
-0.416677 -0.25 0.623603 0.09375 0.5 -0.4714 0 0.8819
-0.287012 -0.25 0.69291 0.0625 0.5 -0.4714 0 0.8819
-0.416677 0.25 0.623603 0.09375 0 -0.4714 0 0.8819
0.69291 0.25 -0.287012 0.471731 0.841844 0 1 -0
-0.287013 0.25 -0.692909 0.158156 0.971731 0 1 -0
-0.692909 0.25 0.287013 0.028269 0.658156 0 1 -0
-0.287012 -0.25 0.69291 0.0625 0.5 -0.2903 0 0.9569
-0.146317 -0.25 0.735589 0.03125 0.5 -0.2903 0 0.9569
-0.287012 0.25 0.69291 0.0625 0 -0.2903 0 0.9569
-0.146317 -0.25 0.735589 0.03125 0.5 -0.098 0 0.9952
0 -0.25 0.75 0 0.5 -0.098 0 0.9952
-0.146317 0.25 0.735589 0.03125 0 -0.098 0 0.9952
-0.735589 -0.25 -0.146317 0.514611 0.796821 0 -1 -0
0.146318 -0.25 -0.735589 0.796822 0.985388 0 -1 -0
0.735589 -0.25 0.146318 0.985388 0.703178 0 -1 -0
0.146318 -0.25 0.735589 0.96875 0.5 0.098 0 0.9952
0.146318 0.25 0.735589 0.96875 0 0.098 0 0.9952
0 0.25 0.75 1 0 0.098 0 0.9952
0.287013 -0.25 0.69291 0.9375 0.5 0.2903 0 0.9569
0.287013 0.25 0.69291 0.9375 0 0.2903 0 0.9569
0.146318 0.25 0.735589 0.96875 0 0.2903 0 0.9569
0.416678 -0.25 0.623602 0.90625 0.5 0.4714 0 0.8819
0.416678 0.25 0.623602 0.90625 0 0.4714 0 0.8819
0.287013 0.25 0.69291 0.9375 0 0.4714 0 0.8819
0.53033 -0.25 0.53033 0.875 0.5 0.6344 0 0.773
0.53033 0.25 0.53033 0.875 0 0.6344 0 0.773
0.416678 0.25 0.623602 0.90625 0 0.6344 0 0.773
0.623602 -0.25 0.416678 0.84375 0.5 0.773 0 0.6344
0.623602 0.25 0.416678 0.84375 0 0.773 0 0.6344
0.53033 0.25 0.53033 0.875 0 0.773 0 0.6344
0.69291 -0.25 0.287013 0.8125 0.5 0.8819 0 0.4714
0.69291 0.25 0.287013 0.8125 0 0.8819 0 0.4714
0.623602 0.25 0.416678 0.84375 0 0.8819 0 0.4714
0.735589 -0.25 0.146318 0.78125 0.5 0.9569 0 0.2903
0.735589 0.25 0.146318 0.78125 0 0.9569 0 0.2903
0.69291 0.25 0.287013 0.8125 0 0.9569 0 0.2903
0.75 -0.25 0 0.75 0.5 0.9952 0 0.098
0.75 0.25 0 0.75 0 0.9952 0 0.098
0.735589 0.25 0.146318 0.78125 0 0.9952 0 0.098
0.735589 -0.25 -0.146318 0.71875 0.5 0.9952 0 -0.098
0.735589 0.25 -0.146318 0.71875 0 0.9952 0 -0.098
0.75 0.25 0 0.75 0 0.9952 0 -0.098
0.69291 -0.25 -0.287012 0.6875 0.5 0.9569 0 -0.2903
0.69291 0.25 -0.287012 0.6875 0 0.9569 0 -0.2903
0.735589 0.25 -0.146318 0.71875 0 0.9569 0 -0.2903
0.623602 -0.25 -0.416678 0.65625 0.5 0.8819 0 -0.4714
0.623602 0.25 -0.416678 0.65625 0 0.8819 0 -0.4714
0.69291 0.25 -0.287012 0.6875 0 0.8819 0 -0.4714
0.53033 -0.25 -0.53033 0.625 0.5 0.773 0 -0.6344
0.53033 0.25 -0.53033 0.625 0 0.773 0 -0.6344
0.623602 0.25 -0.416678 0.65625 0 0.773 0 -0.6344
0.416678 -0.25 -0.623602 0.59375 0.5 0.6344 0 -0.773
0.416678 0.25 -0.623602 0.59375 0 0.6344 0 -0.773
0.53033 0.25 -0.53033 0.625 0 0.6344 0 -0.773
0.287012 -0.25 -0.69291 0.5625 0.5 0.4714 0 -0.8819
0.287012 0.25 -0.69291 0.5625 0 0.4714 0 -0.8819
0.416678 0.25 -0.623602 0.59375 0 0.4714 0 -0.8819
0.146318 -0.25 -0.735589 0.53125 0.5 0.2903 0 -0.9569
0.146318 0.25 -0.735589 0.53125 0 0.2903 0 -0.9569
0.287012 0.25 -0.69291 0.5625 0 0.2903 0 -0.9569
-0 -0.25 -0.75 0.5 0.5 0.098 0 -0.9952
-0 0.25 -0.75 0.5 0 0.098 0 -0.9952
0.146318 0.25 -0.735589 0.53125 0 0.098 0 -0.9952
-0.146318 -0.25 -0.735589 0.46875 0.5 -0.098 0 -0.9952
-0.146318 0.25 -0.735589 0.46875 0 -0.098 0 -0.9952
-0 0.25 -0.75 0.5 0 -0.098 0 -0.9952
-0.287013 -0.25 -0.692909 0.4375 0.5 -0.2903 0 -0.9569
-0.287013 0.25 -0.692909 0.4375 0 -0.2903 0 -0.9569
-0.146318 0.25 -0.735589 0.46875 0 -0.2903 0 -0.9569
-0.416678 -0.25 -0.623602 0.40625 0.5 -0.4714 0 -0.8819
-0.416678 0.25 -0.623602 0.40625 0 -0.4714 0 -0.8819
-0.287013 0.25 -0.692909 0.4375 0 -0.4714 0 -0.8819
-0.53033 -0.25 -0.53033 0.375 0.5 -0.6344 0 -0.773
-0.53033 0.25 -0.53033 0.375 0 -0.6344 0 -0.773
-0.416678 0.25 -0.623602 0.40625 0 -0.6344 0 -0.773
-0.623603 -0.25 -0.416677 0.34375 0.5 -0.773 0 -0.6344
-0.623603 0.25 -0.416677 0.34375 0 -0.773 0 -0.6344
-0.53033 0.25 -0.53033 0.375 0 -0.773 0 -0.6344
-0.69291 -0.25 -0.287012 0.3125 0.5 -0.8819 0 -0.4714
-0.69291 0.25 -0.287012 0.3125 0 -0.8819 0 -0.4714
-0.623603 0.25 -0.416677 0.34375 0 -0.8819 0 -0.4714
-0.735589 -0.25 -0.146317 0.28125 0.5 -0.9569 0 -0.2903
-0.735589 0.25 -0.146317 0.28125 0 -0.9569 0 -0.2903
-0.69291 0.25 -0.287012 0.3125 0 -0.9569 0 -0.2903
-0.75 -0.25 1e-06 0.25 0.5 -0.9952 0 -0.098
-0.75 0.25 1e-06 0.25 0 -0.9952 0 -0.098
-0.735589 0.25 -0.146317 0.28125 0 -0.9952 0 -0.098
-0.735589 -0.25 0.146319 0.21875 0.5 -0.9952 0 0.098
-0.735589 0.25 0.146319 0.21875 0 -0.9952 0 0.098
-0.75 0.25 1e-06 0.25 0 -0.9952 0 0.098
-0.692909 -0.25 0.287013 0.1875 0.5 -0.9569 0 0.2903
-0.692909 0.25 0.287013 0.1875 0 -0.9569 0 0.2903
-0.735589 0.25 0.146319 0.21875 0 -0.9569 0 0.2903
-0.623602 -0.25 0.416678 0.15625 0.5 -0.8819 0 0.4714
-0.623602 0.25 0.416678 0.15625 0 -0.8819 0 0.4714
-0.692909 0.25 0.287013 0.1875 0 -0.8819 0 0.4714
-0.530329 -0.25 0.530331 0.125 0.5 -0.773 0 0.6344
-0.530329 0.25 0.530331 0.125 0 -0.773 0 0.6344
-0.623602 0.25 0.416678 0.15625 0 -0.773 0 0.6344
-0.416677 -0.25 0.623603 0.09375 0.5 -0.6344 0 0.773
-0.416677 0.25 0.623603 0.09375 0 -0.6344 0 0.773
-0.530329 0.25 0.530331 0.125 0 -0.6344 0 0.773
-0.287012 -0.25 0.69291 0.0625 0.5 -0.4714 0 0.8819
-0.287012 0.25 0.69291 0.0625 0 -0.4714 0 0.8819
-0.416677 0.25 0.623603 0.09375 0 -0.4714 0 0.8819
0 0.25 0.75 0.25 0.51 0 1 -0
0.146318 0.25 0.735589 0.296822 0.514612 0 1 -0
0.287013 0.25 0.69291 0.341844 0.528269 0 1 -0
0.287013 0.25 0.69291 0.341844 0.528269 0 1 -0
-0.146317 0.25 0.735589 0.203179 0.514611 0 1 -0
0 0.25 0.75 0.25 0.51 0 1 -0
0.287013 0.25 0.69291 0.341844 0.528269 0 1 -0
-0.287012 0.25 0.69291 0.158156 0.528269 0 1 -0
-0.146317 0.25 0.735589 0.203179 0.514611 0 1 -0
-0.530329 0.25 0.530331 0.080295 0.580294 0 1 -0
-0.416677 0.25 0.623603 0.116663 0.550447 0 1 -0
-0.287012 0.25 0.69291 0.158156 0.528269 0 1 -0
-0.692909 0.25 0.287013 0.028269 0.658156 0 1 -0
-0.623602 0.25 0.416678 0.050447 0.616663 0 1 -0
-0.530329 0.25 0.530331 0.080295 0.580294 0 1 -0
-0.75 0.25 1e-06 0.01 0.75 0 1 -0
-0.735589 0.25 0.146319 0.014612 0.703178 0 1 -0
-0.692909 0.25 0.287013 0.028269 0.658156 0 1 -0
-0.692909 0.25 0.287013 0.028269 0.658156 0 1 -0
-0.735589 0.25 -0.146317 0.014611 0.796821 0 1 -0
-0.75 0.25 1e-06 0.01 0.75 0 1 -0
-0.692909 0.25 0.287013 0.028269 0.658156 0 1 -0
-0.69291 0.25 -0.287012 0.028269 0.841844 0 1 -0
-0.735589 0.25 -0.146317 0.014611 0.796821 0 1 -0
-0.287013 0.25 -0.692909 0.158156 0.971731 0 1 -0
-0.623603 0.25 -0.416677 0.050447 0.883337 0 1 -0
-0.69291 0.25 -0.287012 0.028269 0.841844 0 1 -0
-0.287013 0.25 -0.692909 0.158156 0.971731 0 1 -0
-0.53033 0.25 -0.53033 0.080294 0.919706 0 1 -0
-0.623603 0.25 -0.416677 0.050447 0.883337 0 1 -0
-0.287013 0.25 -0.692909 0.158156 0.971731 0 1 -0
-0.416678 0.25 -0.623602 0.116663 0.949553 0 1 -0
-0.53033 0.25 -0.53033 0.080294 0.919706 0 1 -0
-0 0.25 -0.75 0.25 0.99 0 1 -0
-0.146318 0.25 -0.735589 0.203178 0.985388 0 1 -0
-0.287013 0.25 -0.692909 0.158156 0.971731 0 1 -0
0.287012 0.25 -0.69291 0.341844 0.971731 0 1 -0
0.146318 0.25 -0.735589 0.296822 0.985388 0 1 -0
-0 0.25 -0.75 0.25 0.99 0 1 -0
0.53033 0.25 -0.53033 0.419706 0.919706 0 1 -0
0.416678 0.25 -0.623602 0.383337 0.949553 0 1 -0
0.287012 0.25 -0.69291 0.341844 0.971731 0 1 -0
0.69291 0.25 -0.287012 0.471731 0.841844 0 1 -0
0.623602 0.25 -0.416678 0.449553 0.883337 0 1 -0
0.53033 0.25 -0.53033 0.419706 0.919706 0 1 -0
0.75 0.25 0 0.49 0.75 0 1 -0
0.735589 0.25 -0.146318 0.485388 0.796822 0 1 -0
0.69291 0.25 -0.287012 0.471731 0.841844 0 1 -0
0.69291 0.25 -0.287012 0.471731 0.841844 0 1 -0
0.735589 0.25 0.146318 0.485388 0.703178 0 1 -0
0.75 0.25 0 0.49 0.75 0 1 -0
0.69291 0.25 -0.287012 0.471731 0.841844 0 1 -0
0.69291 0.25 0.287013 0.471731 0.658156 0 1 -0
0.735589 0.25 0.146318 0.485388 0.703178 0 1 -0
0.53033 0.25 0.53033 0.419706 0.580294 0 1 -0
0.623602 0.25 0.416678 0.449553 0.616663 0 1 -0
0.69291 0.25 0.287013 0.471731 0.658156 0 1 -0
0.287013 0.25 0.69291 0.341844 0.528269 0 1 -0
0.416678 0.25 0.623602 0.383337 0.550447 0 1 -0
0.53033 0.25 0.53033 0.419706 0.580294 0 1 -0
0.287013 0.25 0.69291 0.341844 0.528269 0 1 -0
-0.530329 0.25 0.530331 0.080295 0.580294 0 1 -0
-0.287012 0.25 0.69291 0.158156 0.528269 0 1 -0
0.287013 0.25 0.69291 0.341844 0.528269 0 1 -0
-0.692909 0.25 0.287013 0.028269 0.658156 0 1 -0
-0.530329 0.25 0.530331 0.080295 0.580294 0 1 -0
0.69291 0.25 -0.287012 0.471731 0.841844 0 1 -0
-0 0.25 -0.75 0.25 0.99 0 1 -0
-0.287013 0.25 -0.692909 0.158156 0.971731 0 1 -0
0.69291 0.25 -0.287012 0.471731 0.841844 0 1 -0
0.287012 0.25 -0.69291 0.341844 0.971731 0 1 -0
-0 0.25 -0.75 0.25 0.99 0 1 -0
0.69291 0.25 -0.287012 0.471731 0.841844 0 1 -0
0.53033 0.25 -0.53033 0.419706 0.919706 0 1 -0
0.287012 0.25 -0.69291 0.341844 0.971731 0 1 -0
0.69291 0.25 -0.287012 0.471731 0.841844 0 1 -0
0.53033 0.25 0.53033 0.419706 0.580294 0 1 -0
0.69291 0.25 0.287013 0.471731 0.658156 0 1 -0
0.69291 0.25 -0.287012 0.471731 0.841844 0 1 -0
0.287013 0.25 0.69291 0.341844 0.528269 0 1 -0
0.53033 0.25 0.53033 0.419706 0.580294 0 1 -0
-0.287013 0.25 -0.692909 0.158156 0.971731 0 1 -0
-0.69291 0.25 -0.287012 0.028269 0.841844 0 1 -0
-0.692909 0.25 0.287013 0.028269 0.658156 0 1 -0
0.69291 0.25 -0.287012 0.471731 0.841844 0 1 -0
-0.692909 0.25 0.287013 0.028269 0.658156 0 1 -0
0.287013 0.25 0.69291 0.341844 0.528269 0 1 -0
-0.146317 -0.25 0.735589 0.03125 0.5 -0.2903 0 0.9569
-0.146317 0.25 0.735589 0.03125 0 -0.2903 0 0.9569
-0.287012 0.25 0.69291 0.0625 0 -0.2903 0 0.9569
0 -0.25 0.75 0 0.5 -0.098 0 0.9952
0 0.25 0.75 0 0 -0.098 0 0.9952
-0.146317 0.25 0.735589 0.03125 0 -0.098 0 0.9952
0.146318 -0.25 0.735589 0.796822 0.514612 0 -1 -0
0 -0.25 0.75 0.75 0.51 0 -1 -0
-0.146317 -0.25 0.735589 0.703179 0.514611 0 -1 -0
0.416678 -0.25 0.623602 0.883337 0.550447 0 -1 -0
0.287013 -0.25 0.69291 0.841844 0.528269 0 -1 -0
0.146318 -0.25 0.735589 0.796822 0.514612 0 -1 -0
0.623602 -0.25 0.416678 0.949553 0.616663 0 -1 -0
0.53033 -0.25 0.53033 0.919706 0.580294 0 -1 -0
0.416678 -0.25 0.623602 0.883337 0.550447 0 -1 -0
0.416678 -0.25 0.623602 0.883337 0.550447 0 -1 -0
0.69291 -0.25 0.287013 0.971731 0.658156 0 -1 -0
0.623602 -0.25 0.416678 0.949553 0.616663 0 -1 -0
0.416678 -0.25 0.623602 0.883337 0.550447 0 -1 -0
0.735589 -0.25 0.146318 0.985388 0.703178 0 -1 -0
0.69291 -0.25 0.287013 0.971731 0.658156 0 -1 -0
0.735589 -0.25 -0.146318 0.985388 0.796822 0 -1 -0
0.75 -0.25 0 0.99 0.75 0 -1 -0
0.735589 -0.25 0.146318 0.985388 0.703178 0 -1 -0
0.735589 -0.25 0.146318 0.985388 0.703178 0 -1 -0
0.69291 -0.25 -0.287012 0.971731 0.841844 0 -1 -0
0.735589 -0.25 -0.146318 0.985388 0.796822 0 -1 -0
0.735589 -0.25 0.146318 0.985388 0.703178 0 -1 -0
0.623602 -0.25 -0.416678 0.949553 0.883337 0 -1 -0
0.69291 -0.25 -0.287012 0.971731 0.841844 0 -1 -0
0.146318 -0.25 -0.735589 0.796822 0.985388 0 -1 -0
0.53033 -0.25 -0.53033 0.919706 0.919706 0 -1 -0
0.623602 -0.25 -0.416678 0.949553 0.883337 0 -1 -0
0.146318 -0.25 -0.735589 0.796822 0.985388 0 -1 -0
0.416678 -0.25 -0.623602 0.883337 0.949553 0 -1 -0
0.53033 -0.25 -0.53033 0.919706 0.919706 0 -1 -0
0.146318 -0.25 -0.735589 0.796822 0.985388 0 -1 -0
0.287012 -0.25 -0.69291 0.841844 0.971731 0 -1 -0
0.416678 -0.25 -0.623602 0.883337 0.949553 0 -1 -0
-0.146318 -0.25 -0.735589 0.703178 0.985388 0 -1 -0
-0 -0.25 -0.75 0.75 0.99 0 -1 -0
0.146318 -0.25 -0.735589 0.796822 0.985388 0 -1 -0
-0.416678 -0.25 -0.623602 0.616663 0.949553 0 -1 -0
-0.287013 -0.25 -0.692909 0.658156 0.971731 0 -1 -0
-0.146318 -0.25 -0.735589 0.703178 0.985388 0 -1 -0
-0.623603 -0.25 -0.416677 0.550447 0.883337 0 -1 -0
-0.53033 -0.25 -0.53033 0.580294 0.919706 0 -1 -0
-0.416678 -0.25 -0.623602 0.616663 0.949553 0 -1 -0
-0.735589 -0.25 -0.146317 0.514611 0.796821 0 -1 -0
-0.69291 -0.25 -0.287012 0.528269 0.841844 0 -1 -0
-0.623603 -0.25 -0.416677 0.550447 0.883337 0 -1 -0
-0.735589 -0.25 0.146319 0.514612 0.703178 0 -1 -0
-0.75 -0.25 1e-06 0.51 0.75 0 -1 -0
-0.735589 -0.25 -0.146317 0.514611 0.796821 0 -1 -0
-0.623602 -0.25 0.416678 0.550447 0.616663 0 -1 -0
-0.692909 -0.25 0.287013 0.528269 0.658156 0 -1 -0
-0.735589 -0.25 0.146319 0.514612 0.703178 0 -1 -0
-0.146317 -0.25 0.735589 0.703179 0.514611 0 -1 -0
-0.530329 -0.25 0.530331 0.580295 0.580294 0 -1 -0
-0.623602 -0.25 0.416678 0.550447 0.616663 0 -1 -0
-0.146317 -0.25 0.735589 0.703179 0.514611 0 -1 -0
-0.416677 -0.25 0.623603 0.616663 0.550447 0 -1 -0
-0.530329 -0.25 0.530331 0.580295 0.580294 0 -1 -0
-0.146317 -0.25 0.735589 0.703179 0.514611 0 -1 -0
-0.287012 -0.25 0.69291 0.658156 0.528269 0 -1 -0
-0.416677 -0.25 0.623603 0.616663 0.550447 0 -1 -0
0.416678 -0.25 0.623602 0.883337 0.550447 0 -1 -0
0.146318 -0.25 0.735589 0.796822 0.514612 0 -1 -0
-0.146317 -0.25 0.735589 0.703179 0.514611 0 -1 -0
-0.735589 -0.25 -0.146317 0.514611 0.796821 0 -1 -0
-0.146318 -0.25 -0.735589 0.703178 0.985388 0 -1 -0
0.146318 -0.25 -0.735589 0.796822 0.985388 0 -1 -0
-0.735589 -0.25 -0.146317 0.514611 0.796821 0 -1 -0
-0.416678 -0.25 -0.623602 0.616663 0.949553 0 -1 -0
-0.146318 -0.25 -0.735589 0.703178 0.985388 0 -1 -0
-0.735589 -0.25 -0.146317 0.514611 0.796821 0 -1 -0
-0.623603 -0.25 -0.416677 0.550447 0.883337 0 -1 -0
-0.416678 -0.25 -0.623602 0.616663 0.949553 0 -1 -0
-0.146317 -0.25 0.735589 0.703179 0.514611 0 -1 -0
-0.735589 -0.25 0.146319 0.514612 0.703178 0 -1 -0
-0.735589 -0.25 -0.146317 0.514611 0.796821 0 -1 -0
-0.146317 -0.25 0.735589 0.703179 0.514611 0 -1 -0
-0.623602 -0.25 0.416678 0.550447 0.616663 0 -1 -0
-0.735589 -0.25 0.146319 0.514612 0.703178 0 -1 -0
0.735589 -0.25 0.146318 0.985388 0.703178 0 -1 -0
0.416678 -0.25 0.623602 0.883337 0.550447 0 -1 -0
-0.146317 -0.25 0.735589 0.703179 0.514611 0 -1 -0
0.146318 -0.25 -0.735589 0.796822 0.985388 0 -1 -0
0.623602 -0.25 -0.416678 0.949553 0.883337 0 -1 -0
0.735589 -0.25 0.146318 0.985388 0.703178 0 -1 -0
-0.735589 -0.25 -0.146317 0.514611 0.796821 0 -1 -0
0.735589 -0.25 0.146318 0.985388 0.703178 0 -1 -0
-0.146317 -0.25 0.735589 0.703179 0.514611 0 -1 -0
