Vertex Count: 186

Data:

0.146318 -1.7 0.735589 0.296822 0.514612 0.0957 0.2144 0.972
0 1.7 -0 0.25 0.75 0.0957 0.2144 0.972
0 -1.7 0.75 0.25 0.51 0.0957 0.2144 0.972
0.287013 -1.7 0.69291 0.341844 0.528269 0.2835 0.2144 0.9347
0 1.7 -0 0.25 0.75 0.2835 0.2144 0.9347
0.146318 -1.7 0.735589 0.296822 0.514612 0.2835 0.2144 0.9347
0.416678 -1.7 0.623602 0.383337 0.550447 0.4604 0.2144 0.8614
0 1.7 -0 0.25 0.75 0.4604 0.2144 0.8614
0.287013 -1.7 0.69291 0.341844 0.528269 0.4604 0.2144 0.8614
0.53033 -1.7 0.53033 0.419706 0.580294 0.6196 0.2144 0.755
0 1.7 -0 0.25 0.75 0.6196 0.2144 0.755
0.416678 -1.7 0.623602 0.383337 0.550447 0.6196 0.2144 0.755
0.623602 -1.7 0.416678 0.449553 0.616663 0.755 0.2144 0.6196
0 1.7 -0 0.25 0.75 0.755 0.2144 0.6196
0.53033 -1.7 0.53033 0.419706 0.580294 0.755 0.2144 0.6196
0.69291 -1.7 0.287013 0.471731 0.658156 0.8614 0.2144 0.4604
0 1.7 -0 0.25 0.75 0.8614 0.2144 0.4604
0.623602 -1.7 0.416678 0.449553 0.616663 0.8614 0.2144 0.4604
0.735589 -1.7 0.146318 0.485388 0.703178 0.9347 0.2144 0.2835
0 1.7 -0 0.25 0.75 0.9347 0.2144 0.2835
0.69291 -1.7 0.287013 0.471731 0.658156 0.9347 0.2144 0.2835
0.75 -1.7 0 0.49 0.75 0.972 0.2144 0.0957
0 1.7 -0 0.25 0.75 0.972 0.2144 0.0957
0.735589 -1.7 0.146318 0.485388 0.703178 0.972 0.2144 0.0957
0.735589 -1.7 -0.146318 0.485388 0.796822 0.972 0.2144 -0.0957
0 1.7 -0 0.25 0.75 0.972 0.2144 -0.0957
0.75 -1.7 0 0.49 0.75 0.972 0.2144 -0.0957
0.69291 -1.7 -0.287012 0.471731 0.841844 0.9347 0.2144 -0.2835
0 1.7 -0 0.25 0.75 0.9347 0.2144 -0.2835
0.735589 -1.7 -0.146318 0.485388 0.796822 0.9347 0.2144 -0.2835
0.623602 -1.7 -0.416678 0.449553 0.883337 0.8614 0.2144 -0.4604
0 1.7 -0 0.25 0.75 0.8614 0.2144 -0.4604
0.69291 -1.7 -0.287012 0.471731 0.841844 0.8614 0.2144 -0.4604
0.53033 -1.7 -0.53033 0.419706 0.919706 0.755 0.2144 -0.6196
0 1.7 -0 0.25 0.75 0.755 0.2144 -0.6196
0.623602 -1.7 -0.416678 0.449553 0.883337 0.755 0.2144 -0.6196
0.416678 -1.7 -0.623602 0.383337 0.949553 0.6196 0.2144 -0.755
0 1.7 -0 0.25 0.75 0.6196 0.2144 -0.755
0.53033 -1.7 -0.53033 0.419706 0.919706 0.6196 0.2144 -0.755
0.287012 -1.7 -0.69291 0.341844 0.971731 0.4604 0.2144 -0.8614
0 1.7 -0 0.25 0.75 0.4604 0.2144 -0.8614
0.416678 -1.7 -0.623602 0.383337 0.949553 0.4604 0.2144 -0.8614
0.146318 -1.7 -0.735589 0.296822 0.985388 0.2835 0.2144 -0.9347
0 1.7 -0 0.25 0.75 0.2835 0.2144 -0.9347
0.287012 -1.7 -0.69291 0.341844 0.971731 0.2835 0.2144 -0.9347
-0 -1.7 -0.75 0.25 0.99 0.0957 0.2144 -0.972
0 1.7 -0 0.25 0.75 0.0957 0.2144 -0.972
0.146318 -1.7 -0.735589 0.296822 0.985388 0.0957 0.2144 -0.972
-0.146318 -1.7 -0.735589 0.203178 0.985388 -0.0957 0.2144 -0.972
0 1.7 -0 0.25 0.75 -0.0957 0.2144 -0.972
-0 -1.7 -0.75 0.25 0.99 -0.0957 0.2144 -0.972
-0.287013 -1.7 -0.692909 0.158156 0.971731 -0.2835 0.2144 -0.9347
0 1.7 -0 0.25 0.75 -0.2835 0.2144 -0.9347
-0.146318 -1.7 -0.735589 0.203178 0.985388 -0.2835 0.2144 -0.9347
-0.416678 -1.7 -0.623602 0.116663 0.949553 -0.4604 0.2144 -0.8614
0 1.7 -0 0.25 0.75 -0.4604 0.2144 -0.8614
-0.287013 -1.7 -0.692909 0.158156 0.971731 -0.4604 0.2144 -0.8614
-0.53033 -1.7 -0.53033 0.080294 0.919706 -0.6196 0.2144 -0.755
0 1.7 -0 0.25 0.75 -0.6196 0.2144 -0.755
-0.416678 -1.7 -0.623602 0.116663 0.949553 -0.6196 0.2144 -0.755
-0.623603 -1.7 -0.416677 0.050447 0.883337 -0.755 0.2144 -0.6196
0 1.7 -0 0.25 0.75 -0.755 0.2144 -0.6196
-0.53033 -1.7 -0.53033 0.080294 0.919706 -0.755 0.2144 -0.6196
-0.69291 -1.7 -0.287012 0.028269 0.841844 -0.8614 0.2144 -0.4604
0 1.7 -0 0.25 0.75 -0.8614 0.2144 -0.4604
-0.623603 -1.7 -0.416677 0.050447 0.883337 -0.8614 0.2144 -0.4604
-0.735589 -1.7 -0.146317 0.014611 0.796821 -0.9347 0.2144 -0.2835
0 1.7 -0 0.25 0.75 -0.9347 0.2144 -0.2835
-0.69291 -1.7 -0.287012 0.028269 0.841844 -0.9347 0.2144 -0.2835
-0.75 -1.7 1e-06 0.01 0.75 -0.972 0.2144 -0.0957
0 1.7 -0 0.25 0.75 -0.972 0.2144 -0.0957
-0.735589 -1.7 -0.146317 0.014611 0.796821 -0.972 0.2144 -0.0957
-0.735589 -1.7 0.146319 0.014612 0.703178 -0.972 0.2144 0.0957
0 1.7 -0 0.25 0.75 -0.972 0.2144 0.0957
-0.75 -1.7 1e-06 0.01 0.75 -0.972 0.2144 0.0957
-0.692909 -1.7 0.287013 0.028269 0.658156 -0.9347 0.2144 0.2835
0 1.7 -0 0.25 0.75 -0.9347 0.2144 0.2835
-0.735589 -1.7 0.146319 0.014612 0.703178 -0.9347 0.2144 0.2835
-0.623602 -1.7 0.416678 0.050447 0.616663 -0.8614 0.2144 0.4604
0 1.7 -0 0.25 0.75 -0.8614 0.2144 0.4604
-0.692909 -1.7 0.287013 0.028269 0.658156 -0.8614 0.2144 0.4604
-0.530329 -1.7 0.530331 0.080295 0.580294 -0.755 0.2144 0.6196
0 1.7 -0 0.25 0.75 -0.755 0.2144 0.6196
-0.623602 -1.7 0.416678 0.050447 0.616663 -0.755 0.2144 0.6196
-0.416677 -1.7 0.623603 0.116663 0.550447 -0.6196 0.2144 0.755
0 1.7 -0 0.25 0.75 -0.6196 0.2144 0.755
-0.530329 -1.7 0.530331 0.080295 0.580294 -0.6196 0.2144 0.755
-0.287012 -1.7 0.69291 0.158156 0.528269 -0.4604 0.2144 0.8614
0 1.7 -0 0.25 0.75 -0.4604 0.2144 0.8614
-0.416677 -1.7 0.623603 0.116663 0.550447 -0.4604 0.2144 0.8614
-0.735589 -1.7 -0.146317 0.514611 0.796821 0 -1 -0
0.146318 -1.7 -0.735589 0.796822 0.985388 0 -1 -0
0.735589 -1.7 0.146318 0.985388 0.703178 0 -1 -0
-0.146317 -1.7 0.735589 0.203179 0.514611 -0.2835 0.2144 0.9347
0 1.7 -0 0.25 0.75 -0.2835 0.2144 0.9347
-0.287012 -1.7 0.69291 0.158156 0.528269 -0.2835 0.2144 0.9347
0 -1.7 0.75 0.25 0.51 -0.0957 0.2144 0.972
0 1.7 -0 0.25 0.75 -0.0957 0.2144 0.972
-0.146317 -1.7 0.735589 0.203179 0.514611 -0.0957 0.2144 0.972
0.146318 -1.7 0.735589 0.796822 0.514612 0 -1 -0
0 -1.7 0.75 0.75 0.51 0 -1 -0
-0.146317 -1.7 0.735589 0.703179 0.514611 0 -1 -0
0.416678 -1.7 0.623602 0.883337 0.550447 0 -1 -0
0.287013 -1.7 0.69291 0.841844 0.528269 0 -1 -0
0.146318 -1.7 0.735589 0.796822 0.514612 0 -1 -0
0.623602 -1.7 0.416678 0.949553 0.616663 0 -1 -0
0.53033 -1.7 0.53033 0.919706 0.580294 0 -1 -0
0.416678 -1.7 0.623602 0.883337 0.550447 0 -1 -0
0.416678 -1.7 0.623602 0.883337 0.550447 0 -1 -0
0.69291 -1.7 0.287013 0.971731 0.658156 0 -1 -0
0.623602 -1.7 0.416678 0.949553 0.616663 0 -1 -0
0.416678 -1.7 0.623602 0.883337 0.550447 0 -1 -0
0.735589 -1.7 0.146318 0.985388 0.703178 0 -1 -0
0.69291 -1.7 0.287013 0.971731 0.658156 0 -1 -0
0.735589 -1.7 -0.146318 0.985388 0.796822 0 -1 -0
0.75 -1.7 0 0.99 0.75 0 -1 -0
0.735589 -1.7 0.146318 0.985388 0.703178 0 -1 -0
0.735589 -1.7 0.146318 0.985388 0.703178 0 -1 -0
0.69291 -1.7 -0.287012 0.971731 0.841844 0 -1 -0
0.735589 -1.7 -0.146318 0.985388 0.796822 0 -1 -0
0.735589 -1.7 0.146318 0.985388 0.703178 0 -1 -0
0.623602 -1.7 -0.416678 0.949553 0.883337 0 -1 -0
0.69291 -1.7 -0.287012 0.971731 0.841844 0 -1 -0
0.146318 -1.7 -0.735589 0.796822 0.985388 0 -1 -0
0.53033 -1.7 -0.53033 0.919706 0.919706 0 -1 -0
0.623602 -1.7 -0.416678 0.949553 0.883337 0 -1 -0
0.146318 -1.7 -0.735589 0.796822 0.985388 0 -1 -0
0.416678 -1.7 -0.623602 0.883337 0.949553 0 -1 -0
0.53033 -1.7 -0.53033 0.919706 0.919706 0 -1 -0
0.146318 -1.7 -0.735589 0.796822 0.985388 0 -1 -0
0.287012 -1.7 -0.69291 0.841844 0.971731 0 -1 -0
0.416678 -1.7 -0.623602 0.883337 0.949553 0 -1 -0
-0.146318 -1.7 -0.735589 0.703178 0.985388 0 -1 -0
-0 -1.7 -0.75 0.75 0.99 0 -1 -0
0.146318 -1.7 -0.735589 0.796822 0.985388 0 -1 -0
-0.416678 -1.7 -0.623602 0.616663 0.949553 0 -1 -0
-0.287013 -1.7 -0.692909 0.658156 0.971731 0 -1 -0
-0.146318 -1.7 -0.735589 0.703178 0.985388 0 -1 -0
-0.623603 -1.7 -0.416677 0.550447 0.883337 0 -1 -0
-0.53033 -1.7 -0.53033 0.580294 0.919706 0 -1 -0
-0.416678 -1.7 -0.623602 0.616663 0.949553 0 -1 -0
-0.735589 -1.7 -0.146317 0.514611 0.796821 0 -1 -0
-0.69291 -1.7 -0.287012 0.528269 0.841844 0 -1 -0
-0.623603 -1.7 -0.416677 0.550447 0.883337 0 -1 -0
-0.735589 -1.7 0.146319 0.514612 0.703178 0 -1 -0
-0.75 -1.7 1e-06 0.51 0.75 0 -1 -0
-0.735589 -1.7 -0.146317 0.514611 0.796821 0 -1 -0
-0.623602 -1.7 0.416678 0.550447 0.616663 0 -1 -0
-0.692909 -1.7 0.287013 0.528269 0.658156 0 -1 -0
-0.735589 -1.7 0.146319 0.514612 0.703178 0 -1 -0
-0.146317 -1.7 0.735589 0.703179 0.514611 0 -1 -0
-0.530329 -1.7 0.530331 0.580295 0.580294 0 -1 -0
-0.623602 -1.7 0.416678 0.550447 0.616663 0 -1 -0
-0.146317 -1.7 0.735589 0.703179 0.514611 0 -1 -0
-0.416677 -1.7 0.623603 0.616663 0.550447 0 -1 -0
-0.530329 -1.7 0.530331 0.580295 0.580294 0 -1 -0
-0.146317 -1.7 0.735589 0.703179 0.514611 0 -1 -0
-0.287012 -1.7 0.69291 0.658156 0.528269 0 -1 -0
-0.416677 -1.7 0.623603 0.616663 0.550447 0 -1 -0
0.416678 -1.7 0.623602 0.883337 0.550447 0 -1 -0
0.146318 -1.7 0.735589 0.796822 0.514612 0 -1 -0
-0.146317 -1.7 0.735589 0.703179 0.514611 0 -1 -0
-0.735589 -1.7 -0.146317 0.514611 0.796821 0 -1 -0
-0.146318 -1.7 -0.735589 0.703178 0.985388 0 -1 -0
0.146318 -1.7 -0.735589 0.796822 0.985388 0 -1 -0
-0.735589 -1.7 -0.146317 0.514611 0.796821 0 -1 -0
-0.416678 -1.7 -0.623602 0.616663 0.949553 0 -1 -0
-0.146318 -1.7 -0.735589 0.703178 0.985388 0 -1 -0
-0.735589 -1.7 -0.146317 0.514611 0.796821 0 -1 -0
-0.623603 -1.7 -0.416677 0.550447 0.883337 0 -1 -0
-0.416678 -1.7 -0.623602 0.616663 0.949553 0 -1 -0
-0.146317 -1.7 0.735589 0.703179 0.514611 0 -1 -0
-0.735589 -1.7 0.146319 0.514612 0.703178 0 -1 -0
-0.735589 -1.7 -0.146317 0.514611 0.796821 0 -1 -0
-0.146317 -1.7 0.735589 0.703179 0.514611 0 -1 -0
-0.623602 -1.7 0.416678 0.550447 0.616663 0 -1 -0
-0.735589 -1.7 0.146319 0.514612 0.703178 0 -1 -0
0.735589 -1.7 0.146318 0.985388 0.703178 0 -1 -0
0.416678 -1.7 0.623602 0.883337 0.550447 0 -1 -0
-0.146317 -1.7 0.735589 0.703179 0.514611 0 -1 -0
0.146318 -1.7 -0.735589 0.796822 0.985388 0 -1 -0
0.623602 -1.7 -0.416678 0.949553 0.883337 0 -1 -0
0.735589 -1.7 0.146318 0.985388 0.703178 0 -1 -0
-0.735589 -1.7 -0.146317 0.514611 0.796821 0 -1 -0
0.735589 -1.7 0.146318 0.985388 0.703178 0 -1 -0
-0.146317 -1.7 0.735589 0.703179 0.514611 0 -1 -0
