Vertex Count: 72

Data:

0.75 -0.75 0.75 0.375 1 0 0.2473 0.9689
0.367094 0.75 0.367094 0.375 0.75 0 0.2473 0.9689
-0.75 -0.75 0.75 0.625 1 0 0.2473 0.9689
0.367094 0.75 0.367094 0.375 0.75 0 1 0
0.367094 0.75 -0.367094 0.375 0.5 0 1 0
-0.367094 0.75 0.367094 0.625 0.75 0 1 0
0.367094 0.75 -0.367094 0.375 0.5 0 0.2473 -0.9689
0.75 -0.75 -0.75 0.375 0.25 0 0.2473 -0.9689
-0.367094 0.75 -0.367094 0.625 0.5 0 0.2473 -0.9689
0.75 -0.75 -0.75 0.375 0.25 0 -1 -0
0.75 -0.75 0.75 0.375 0 0 -1 -0
-0.75 -0.75 -0.75 0.625 0.25 0 -1 -0
-0.75 -0.75 0.75 0.625 1 -0.9689 0.2473 0
-0.367094 0.75 0.367094 0.625 0.75 -0.9689 0.2473 0
-0.75 -0.75 -0.75 0.875 1 -0.9689 0.2473 0
0.75 -0.75 -0.75 0.125 1 0.9689 0.2473 0
0.367094 0.75 -0.367094 0.125 0.75 0.9689 0.2473 0
0.75 -0.75 0.75 0.375 1 0.9689 0.2473 0
0.367094 0.75 0.367094 0.375 0.75 0 0.2473 0.9689
-0.367094 0.75 0.367094 0.625 0.75 0 0.2473 0.9689
-0.75 -0.75 0.75 0.625 1 0 0.2473 0.9689
0.367094 0.75 -0.367094 0.375 0.5 0 1 0
-0.367094 0.75 -0.367094 0.625 0.5 0 1 0
-0.367094 0.75 0.367094 0.625 0.75 0 1 0
0.75 -0.75 -0.75 0.375 0.25 0 0.2473 -0.9689
-0.75 -0.75 -0.75 0.625 0.25 0 0.2473 -0.9689
-0.367094 0.75 -0.367094 0.625 0.5 0 0.2473 -0.9689
0.75 -0.75 0.75 0.375 0 0 -1 -0
-0.75 -0.75 0.75 0.625 0 0 -1 -0
-0.75 -0.75 -0.75 0.625 0.25 0 -1 -0
-0.367094 0.75 0.367094 0.625 0.75 -0.9689 0.2473 0
-0.367094 0.75 -0.367094 0.875 0.75 -0.9689 0.2473 0
-0.75 -0.75 -0.75 0.875 1 -0.9689 0.2473 0
0.367094 0.75 -0.367094 0.125 0.75 0.9689 0.2473 0
0.367094 0.75 0.367094 0.375 0.75 0.9689 0.2473 0
0.75 -0.75 0.75 0.375 1 0.9689 0.2473 0
