Vertex Count: 48

Data:

-2.4739 -0.531831 0.99937 0.375 0.6875 0 -1 -0
-2.47339 -0.531831 -1.00063 0.375 0.31156 0 -1 -0
5.62084 -0.53183 1.00143 0.458333 0.6875 0 -1 -0
5.62084 -0.53183 1.00143 0.458333 0.6875 0.542 0.8404 0.0001
5.62135 -0.53183 -0.998568 0.458333 0.31156 0.542 0.8404 0.0001
3.14719 1.06366 1.0008 0.541667 0.6875 0.542 0.8404 0.0001
3.14719 1.06366 1.0008 0.541667 0.6875 -0.2731 0.962 -0.0001
3.1477 1.06366 -0.999198 0.541667 0.31156 -0.2731 0.962 -0.0001
-2.4739 -0.531831 0.99937 0.625 0.6875 -0.2731 0.962 -0.0001
5.62084 -0.53183 1.00143 0.421875 0.708434 -0.0003 0 1
3.14719 1.06366 1.0008 0.65625 0.84375 -0.0003 0 1
-2.4739 -0.531831 0.99937 0.421875 0.979066 -0.0003 0 1
3.1477 1.06366 -0.999198 0.65625 0.15625 0.0003 0 -1
5.62135 -0.53183 -0.998568 0.421875 0.291566 0.0003 0 -1
-2.47339 -0.531831 -1.00063 0.421875 0.020934 0.0003 0 -1
-2.47339 -0.531831 -1.00063 0.375 0.31156 0 -1 -0
5.62135 -0.53183 -0.998568 0.458333 0.31156 0 -1 -0
5.62084 -0.53183 1.00143 0.458333 0.6875 0 -1 -0
5.62135 -0.53183 -0.998568 0.458333 0.31156 0.542 0.8404 0.0001
3.1477 1.06366 -0.999198 0.541667 0.31156 0.542 0.8404 0.0001
3.14719 1.06366 1.0008 0.541667 0.6875 0.542 0.8404 0.0001
3.1477 1.06366 -0.999198 0.541667 0.31156 -0.2731 0.962 -0.0001
-2.47339 -0.531831 -1.00063 0.625 0.31156 -0.2731 0.962 -0.0001
-2.4739 -0.531831 0.99937 0.625 0.6875 -0.2731 0.962 -0.0001
