Vertex Count: 48

Data:

5.62109 -0.53183 -0.999999 0.375 0.6875 0 -1 -0
5.62109 -0.53183 1 0.375 0.31156 0 -1 -0
-5.62109 -0.531831 -1 0.458333 0.6875 0 -1 -0
-5.62109 -0.531831 -1 0.458333 0.6875 -0.2731 0.962 -0
-5.62109 -0.531831 0.999999 0.458333 0.31156 -0.2731 0.962 -0
0 1.06366 -1 0.541667 0.6875 -0.2731 0.962 -0
0 1.06366 -1 0.541667 0.6875 0.2731 0.962 0
-0 1.06366 1 0.541667 0.31156 0.2731 0.962 0
5.62109 -0.53183 -0.999999 0.625 0.6875 0.2731 0.962 0
-5.62109 -0.531831 -1 0.421875 0.708434 0 0 -1
0 1.06366 -1 0.65625 0.84375 0 0 -1
5.62109 -0.53183 -0.999999 0.421875 0.979066 0 0 -1
-0 1.06366 1 0.65625 0.15625 -0 -0 1
-5.62109 -0.531831 0.999999 0.421875 0.291566 -0 -0 1
5.62109 -0.53183 1 0.421875 0.020934 -0 -0 1
5.62109 -0.53183 1 0.375 0.31156 0 -1 -0
-5.62109 -0.531831 0.999999 0.458333 0.31156 0 -1 -0
-5.62109 -0.531831 -1 0.458333 0.6875 0 -1 -0
-5.62109 -0.531831 0.999999 0.458333 0.31156 -0.2731 0.962 -0
-0 1.06366 1 0.541667 0.31156 -0.2731 0.962 -0
0 1.06366 -1 0.541667 0.6875 -0.2731 0.962 -0
-0 1.06366 1 0.541667 0.31156 0.2731 0.962 0
5.62109 -0.53183 1 0.625 0.31156 0.2731 0.962 0
5.62109 -0.53183 -0.999999 0.625 0.6875 0.2731 0.962 0
