Vertex Count: 840

Data:

-2.02997 -0.405832 0.90953 0.618419 0.670591 -0.3955 0.9177 -0.0375
-2.0295 -0.405832 -0.910563 0.618419 0.328469 -0.3965 0.9173 0.0359
-2.07299 -0.446241 0.909788 0.625 0.672954 -0.6846 0.7289 -0.0002
-2.07299 -0.446241 0.909788 0.375 0.672954 -0.9905 -0.1379 -0.0003
-2.07252 -0.446241 -0.910844 0.375 0.326106 -0.9905 -0.1378 -0.0003
-2.06485 -0.504705 0.90979 0.37819 0.671391 -0.9905 -0.1379 -0.0003
-2.06485 -0.504705 0.90979 0.37819 0.671391 -0.4596 -0.8881 -0.0001
-2.06439 -0.504705 -0.910842 0.378192 0.327669 -0.4596 -0.8881 -0.0001
-2.01243 -0.531831 0.909534 0.37975 0.670591 0.2981 -0.9283 0.2223
3.12682 0.927132 1.0008 0.636194 0.839929 -0.2097 0.1824 0.9606
3.08091 0.974582 0.98397 0.652465 0.845935 -0.5515 0.1602 0.8186
-1.2714 -0.364477 0.999676 0.446459 0.944382 -0.1692 0.0152 0.9855
3.08091 0.974582 0.98397 0.543012 0.6875 -0.5515 0.1602 0.8186
3.0514 1.01424 0.934412 0.542481 0.676594 -0.3584 0.8283 0.4306
-1.65035 -0.383448 0.988206 0.621732 0.6875 -0.0743 0.5387 0.8392
-1.92808 -0.398592 0.955132 0.621068 0.68005 -0.247 0.8767 0.4128
3.0514 1.01424 0.934412 0.542481 0.676594 -0.3584 0.8283 0.4306
-2.02997 -0.405832 0.90953 0.618419 0.670591 -0.3955 0.9177 -0.0375
-2.01243 -0.531831 0.909534 0.37975 0.670591 0.2981 -0.9283 0.2223
5.34843 -0.53183 0.89251 0.455529 0.667039 -0.2993 -0.9501 0.0883
-1.91229 -0.511171 0.955301 0.377878 0.678873 0.2908 -0.7332 0.6146
-1.91229 -0.511171 0.955301 0.377878 0.678873 0.2908 -0.7332 0.6146
5.31319 -0.511919 0.947013 0.456193 0.6775 -0.3076 -0.4681 0.8284
-1.64096 -0.4499 0.988396 0.377336 0.6875 0.1852 -0.4498 0.8737
-1.64096 -0.4499 0.988396 0.421875 0.971481 0.1852 -0.4498 0.8737
5.21873 -0.454729 0.986843 0.421875 0.714288 0.0814 0.0712 0.9941
-1.2714 -0.364477 0.999676 0.446459 0.944382 -0.1692 0.0152 0.9855
5.34889 -0.53183 -0.889786 0.455529 0.332021 -0.306 -0.9454 -0.1117
5.4095 -0.504169 -0.889969 0.45758 0.331978 0.4392 -0.8897 -0.1244
5.34843 -0.53183 0.89251 0.455529 0.667039 -0.2993 -0.9501 0.0883
5.40904 -0.504169 0.892724 0.457579 0.667083 0.9593 -0.2825 0.0002
5.4095 -0.504169 -0.889969 0.45758 0.331978 0.9593 -0.2825 0.0002
5.42787 -0.440258 0.892729 0.462058 0.667093 0.9593 -0.2825 0.0002
5.42787 -0.440258 0.892729 0.462058 0.667093 0.835 0.5274 0.1572
5.42832 -0.440258 -0.889964 0.462058 0.331967 0.8351 0.5274 -0.1565
5.39192 -0.384161 0.892521 0.466046 0.667039 0.6539 0.7343 0.1822
3.23521 1.00691 0.865915 0.538703 0.662141 0.5197 0.8463 0.117
3.22445 0.988321 0.934479 0.539655 0.676797 0.4733 0.7402 0.4775
5.39192 -0.384161 0.892521 0.466046 0.667039 0.6539 0.7343 0.1822
3.22445 0.988321 0.934479 0.539655 0.676797 0.4733 0.7402 0.4775
3.18462 0.959008 0.984022 0.539497 0.6875 0.5361 0.3788 0.7544
5.35152 -0.382232 0.946973 0.463524 0.678735 0.3084 0.3438 0.887
3.18462 0.959008 0.984022 0.650149 0.840228 0.5361 0.3788 0.7544
3.12682 0.927132 1.0008 0.636194 0.839929 -0.2097 0.1824 0.9606
5.24114 -0.379096 0.986792 0.43194 0.714244 0.2223 0.414 0.8827
3.23521 1.00691 0.865915 0.538703 0.662141 0.5197 0.8463 0.117
3.23565 1.00691 -0.864267 0.538703 0.336919 0.5202 0.846 -0.1174
3.17587 1.03422 0.865486 0.540969 0.662058 0.3694 0.9245 0.0944
3.17587 1.03422 0.865486 0.540969 0.662058 0.3694 0.9245 0.0944
3.17631 1.03422 -0.863869 0.540969 0.337002 0.2389 0.9701 -0.0432
3.11125 1.04387 0.86547 0.542083 0.662056 0.0275 0.9968 0.0746
3.11169 1.04387 -0.863886 0.542083 0.337004 -0.0504 0.9914 -0.1209
3.04695 1.03507 -0.864315 0.54316 0.336919 -0.3598 0.9293 -0.0832
3.11125 1.04387 0.86547 0.542083 0.662056 0.0275 0.9968 0.0746
5.09088 -0.375594 -0.998703 0.444826 0.268679 -0.2705 -0.0101 -0.9627
5.21923 -0.454729 -0.984186 0.421875 0.285712 -0.1127 -0.62 -0.7765
-1.27089 -0.364477 -1.00032 0.446459 0.055618 -0.0912 0.1326 -0.987
5.21923 -0.454729 -0.984186 0.456531 0.31156 -0.1127 -0.62 -0.7765
5.31367 -0.511919 -0.944307 0.456235 0.321561 -0.3072 -0.4681 -0.8286
-1.64046 -0.4499 -0.989232 0.377336 0.31156 0.1857 -0.4498 -0.8736
5.31367 -0.511919 -0.944307 0.456235 0.321561 -0.2899 -0.8875 -0.3581
5.34889 -0.53183 -0.889786 0.455529 0.332021 -0.306 -0.9454 -0.1117
-1.9118 -0.511171 -0.956276 0.37782 0.320183 0.2912 -0.7332 -0.6145
3.04695 1.03507 -0.864315 0.54316 0.336919 -0.3598 0.9293 -0.0832
3.05187 1.01424 -0.932858 0.542513 0.322418 -0.3581 0.8283 -0.4308
-2.0295 -0.405832 -0.910563 0.618419 0.328469 -0.3965 0.9173 0.0359
-1.92759 -0.398592 -0.956114 0.62111 0.318992 -0.0495 0.368 -0.9285
3.05187 1.01424 -0.932858 0.542513 0.322418 -0.3581 0.8283 -0.4308
-1.64985 -0.383448 -0.989047 0.621732 0.31156 -0.0738 0.5387 -0.8393
-1.64985 -0.383448 -0.989047 0.431065 0.02624 -0.0738 0.5387 -0.8393
3.08141 0.974582 -0.982401 0.652465 0.154065 -0.081 -0.0417 -0.9958
-1.27089 -0.364477 -1.00032 0.446459 0.055618 -0.0912 0.1326 -0.987
5.09088 -0.375594 -0.998703 0.444826 0.268679 -0.2705 -0.0101 -0.9627
3.12733 0.927132 -0.999204 0.636194 0.160071 -0.0207 0.4216 -0.9066
5.24164 -0.379096 -0.984123 0.43194 0.285756 0.2227 0.414 -0.8826
5.24164 -0.379096 -0.984123 0.461912 0.31156 0.2227 0.414 -0.8826
3.18512 0.959008 -0.982401 0.539497 0.31156 0.2864 0.7171 -0.6354
5.352 -0.382232 -0.944246 0.463524 0.320311 0.3088 0.3438 -0.8868
5.352 -0.382232 -0.944246 0.463524 0.320311 0.5256 0.7509 -0.3999
3.22492 0.988321 -0.932837 0.539642 0.322338 0.4735 0.7402 -0.4773
5.39238 -0.384161 -0.889775 0.466046 0.332021 0.745 0.6241 -0.2355
-2.01196 -0.531831 -0.910559 0.379751 0.328469 0.2942 -0.9293 -0.2234
5.34889 -0.53183 -0.889786 0.455529 0.332021 -0.306 -0.9454 -0.1117
-2.01243 -0.531831 0.909534 0.37975 0.670591 0.2981 -0.9283 0.2223
5.39192 -0.384161 0.892521 0.466046 0.667039 0.6539 0.7343 0.1822
5.39238 -0.384161 -0.889775 0.466046 0.332021 0.745 0.6241 -0.2355
3.23521 1.00691 0.865915 0.538703 0.662141 0.5197 0.8463 0.117
3.04651 1.03507 0.865867 0.54316 0.662141 -0.1807 0.9833 -0.0222
3.04695 1.03507 -0.864315 0.54316 0.336919 -0.3598 0.9293 -0.0832
-2.02997 -0.405832 0.90953 0.618419 0.670591 -0.3955 0.9177 -0.0375
5.09037 -0.375594 1.0013 0.444826 0.731321 0.1629 0.28 0.9461
3.12682 0.927132 1.0008 0.636194 0.839929 -0.2097 0.1824 0.9606
-1.2714 -0.364477 0.999676 0.446459 0.944382 -0.1692 0.0152 0.9855
3.12733 0.927132 -0.999204 0.636194 0.160071 -0.0207 0.4216 -0.9066
5.09088 -0.375594 -0.998703 0.444826 0.268679 -0.2705 -0.0101 -0.9627
-1.27089 -0.364477 -1.00032 0.446459 0.055618 -0.0912 0.1326 -0.987
-1.91229 -0.511171 0.955301 0.377878 0.678873 0.2908 -0.7332 0.6146
-1.9948 -0.494759 0.94905 0.377191 0.678397 -0.3347 -0.2978 0.894
-2.01243 -0.531831 0.909534 0.37975 0.670591 0.2981 -0.9283 0.2223
-2.00285 -0.436816 0.949027 0.375 0.680582 -0.393 0.2534 0.8839
-2.07299 -0.446241 0.909788 0.375 0.672954 -0.4805 -0.0667 0.8745
-1.9948 -0.494759 0.94905 0.377191 0.678397 -0.3347 -0.2978 0.894
-2.07299 -0.446241 0.909788 0.625 0.672954 -0.4718 0.5069 0.7215
-2.00285 -0.436816 0.949027 0.625 0.680582 -0.393 0.2534 0.8839
-2.02997 -0.405832 0.90953 0.618419 0.670591 -0.4349 0.539 0.7214
-2.00285 -0.436816 0.949027 0.625 0.680582 -0.393 0.2534 0.8839
-1.81939 -0.440833 0.981439 0.625 0.6875 -0.0927 0.0189 0.9955
-1.92808 -0.398592 0.955132 0.621068 0.68005 -0.05 0.368 0.9285
-1.81939 -0.440833 0.981439 0.421875 0.979066 -0.0927 0.0189 0.9955
-1.64096 -0.4499 0.988396 0.421875 0.971481 0.1852 -0.4498 0.8737
-1.65035 -0.383448 0.988206 0.431065 0.97376 -0.0743 0.5387 0.8392
-1.9948 -0.494759 0.94905 0.377191 0.678397 -0.3347 -0.2978 0.894
-1.91229 -0.511171 0.955301 0.377878 0.678873 0.2908 -0.7332 0.6146
-1.81939 -0.440833 0.981439 0.375 0.6875 -0.0927 0.0189 0.9955
-1.81939 -0.440833 0.981439 0.375 0.6875 -0.0927 0.0189 0.9955
-2.00285 -0.436816 0.949027 0.375 0.680582 -0.393 0.2534 0.8839
-1.9948 -0.494759 0.94905 0.377191 0.678397 -0.3347 -0.2978 0.894
5.35152 -0.382232 0.946973 0.463524 0.678735 0.5254 0.7507 0.4005
5.39649 -0.432389 0.939737 0.460802 0.67726 0.7247 0.5159 0.4568
5.39192 -0.384161 0.892521 0.466046 0.667039 0.6539 0.7343 0.1822
5.39649 -0.432389 0.939737 0.460802 0.67726 0.7904 -0.2331 0.5666
5.3783 -0.494035 0.939744 0.457376 0.676331 0.7903 -0.2329 0.5667
5.42787 -0.440258 0.892729 0.462058 0.667093 0.7903 -0.233 0.5667
5.40904 -0.504169 0.892724 0.457579 0.667083 0.4389 -0.8898 0.1251
5.3783 -0.494035 0.939744 0.457376 0.676331 0.3302 -0.8278 0.4535
5.34843 -0.53183 0.89251 0.455529 0.667039 -0.2993 -0.9501 0.0883
5.3783 -0.494035 0.939744 0.457376 0.676331 0.3256 -0.2386 0.9149
5.30845 -0.44001 0.978781 0.458333 0.6875 0.3081 -0.0386 0.9506
5.31319 -0.511919 0.947013 0.456193 0.6775 -0.3076 -0.4681 0.8284
5.30845 -0.44001 0.978781 0.421875 0.708434 0.3081 -0.0386 0.9506
5.24114 -0.379096 0.986792 0.43194 0.714244 0.2223 0.414 0.8827
5.21873 -0.454729 0.986843 0.421875 0.714288 0.0814 0.0712 0.9941
5.39649 -0.432389 0.939737 0.460802 0.67726 0.3905 0.043 0.9196
5.35152 -0.382232 0.946973 0.463524 0.678735 0.3084 0.3438 0.887
5.30845 -0.44001 0.978781 0.458333 0.6875 0.3081 -0.0386 0.9506
5.30845 -0.44001 0.978781 0.458333 0.6875 0.3081 -0.0386 0.9506
5.3783 -0.494035 0.939744 0.457376 0.676331 0.3256 -0.2386 0.9149
5.39649 -0.432389 0.939737 0.460802 0.67726 0.3905 0.043 0.9196
3.0514 1.01424 0.934412 0.542481 0.676594 -0.3584 0.8283 0.4306
3.10717 1.02743 0.925055 0.541841 0.674036 -0.0635 0.9394 0.3368
3.04651 1.03507 0.865867 0.54316 0.662141 -0.1807 0.9833 -0.0222
3.1749 1.0173 0.925068 0.541013 0.674207 0.3944 0.8354 0.3828
3.17587 1.03422 0.865486 0.540969 0.662058 0.3694 0.9245 0.0944
3.10717 1.02743 0.925055 0.541841 0.674036 -0.0635 0.9394 0.3368
3.17587 1.03422 0.865486 0.540969 0.662058 0.3694 0.9245 0.0944
3.1749 1.0173 0.925068 0.541013 0.674207 0.3944 0.8354 0.3828
3.23521 1.00691 0.865915 0.538703 0.662141 0.5197 0.8463 0.117
3.1749 1.0173 0.925068 0.541013 0.674207 0.3944 0.8354 0.3828
3.13656 0.992259 0.974289 0.541667 0.6875 0.3872 0.4707 0.7928
3.22445 0.988321 0.934479 0.539655 0.676797 0.4733 0.7402 0.4775
3.13656 0.992259 0.974289 0.65625 0.84375 0.3872 0.4707 0.7928
3.08091 0.974582 0.98397 0.652465 0.845935 -0.5515 0.1602 0.8186
3.18462 0.959008 0.984022 0.650149 0.840228 0.5361 0.3788 0.7544
3.10717 1.02743 0.925055 0.541841 0.674036 -0.0635 0.9394 0.3368
3.0514 1.01424 0.934412 0.542481 0.676594 -0.3584 0.8283 0.4306
3.13656 0.992259 0.974289 0.541667 0.6875 0.3872 0.4707 0.7928
3.13656 0.992259 0.974289 0.541667 0.6875 0.3872 0.4707 0.7928
3.1749 1.0173 0.925068 0.541013 0.674207 0.3944 0.8354 0.3828
3.10717 1.02743 0.925055 0.541841 0.674036 -0.0635 0.9394 0.3368
-1.92759 -0.398592 -0.956114 0.62111 0.318992 -0.0495 0.368 -0.9285
-2.00237 -0.436816 -0.950048 0.625 0.318478 -0.3926 0.2534 -0.8841
-2.0295 -0.405832 -0.910563 0.618419 0.328469 -0.4345 0.539 -0.7216
-2.00237 -0.436816 -0.950048 0.375 0.318478 -0.3926 0.2534 -0.8841
-1.99432 -0.494759 -0.950066 0.377223 0.320789 -0.3342 -0.2978 -0.8942
-2.07252 -0.446241 -0.910844 0.375 0.326106 -0.48 -0.0667 -0.8747
-2.06439 -0.504705 -0.910842 0.378192 0.327669 -0.3156 -0.6175 -0.7204
-1.99432 -0.494759 -0.950066 0.377223 0.320789 -0.3342 -0.2978 -0.8942
-2.01196 -0.531831 -0.910559 0.379751 0.328469 0.2942 -0.9293 -0.2234
-1.99432 -0.494759 -0.950066 0.377223 0.320789 -0.3342 -0.2978 -0.8942
-1.81889 -0.440833 -0.982365 0.375 0.31156 -0.0794 0.0124 -0.9968
-1.9118 -0.511171 -0.956276 0.37782 0.320183 0.2912 -0.7332 -0.6145
-1.81889 -0.440833 -0.982365 0.421875 0.020934 -0.0794 0.0124 -0.9968
-1.64985 -0.383448 -0.989047 0.431065 0.02624 -0.0738 0.5387 -0.8393
-1.64046 -0.4499 -0.989232 0.421875 0.028519 0.1857 -0.4498 -0.8736
-2.00237 -0.436816 -0.950048 0.625 0.318478 -0.3926 0.2534 -0.8841
-1.92759 -0.398592 -0.956114 0.62111 0.318992 -0.0495 0.368 -0.9285
-1.81889 -0.440833 -0.982365 0.625 0.31156 -0.0794 0.0124 -0.9968
-1.81889 -0.440833 -0.982365 0.375 0.31156 -0.0794 0.0124 -0.9968
-1.99432 -0.494759 -0.950066 0.377223 0.320789 -0.3342 -0.2978 -0.8942
-2.00237 -0.436816 -0.950048 0.375 0.318478 -0.3926 0.2534 -0.8841
5.31367 -0.511919 -0.944307 0.456235 0.321561 -0.2899 -0.8875 -0.3581
5.37878 -0.494035 -0.937005 0.45741 0.322702 0.3305 -0.8278 -0.4533
5.34889 -0.53183 -0.889786 0.455529 0.332021 -0.306 -0.9454 -0.1117
5.39697 -0.432389 -0.936989 0.460849 0.321909 0.7907 -0.2331 -0.5662
5.42832 -0.440258 -0.889964 0.462058 0.331967 0.7906 -0.233 -0.5663
5.37878 -0.494035 -0.937005 0.45741 0.322702 0.7906 -0.2329 -0.5663
5.42832 -0.440258 -0.889964 0.462058 0.331967 0.8351 0.5274 -0.1565
5.39697 -0.432389 -0.936989 0.460849 0.321909 0.7249 0.5159 -0.4565
5.39238 -0.384161 -0.889775 0.466046 0.332021 0.745 0.6241 -0.2355
5.39697 -0.432389 -0.936989 0.460849 0.321909 0.391 0.0431 -0.9194
5.30895 -0.44001 -0.976077 0.458333 0.31156 0.311 -0.042 -0.9495
5.352 -0.382232 -0.944246 0.463524 0.320311 0.3088 0.3438 -0.8868
5.30895 -0.44001 -0.976077 0.421875 0.291566 0.311 -0.042 -0.9495
5.21923 -0.454729 -0.984186 0.421875 0.285712 -0.1127 -0.62 -0.7765
5.24164 -0.379096 -0.984123 0.43194 0.285756 0.2227 0.414 -0.8826
5.37878 -0.494035 -0.937005 0.45741 0.322702 0.3261 -0.2386 -0.9147
5.31367 -0.511919 -0.944307 0.456235 0.321561 -0.3072 -0.4681 -0.8286
5.30895 -0.44001 -0.976077 0.458333 0.31156 0.311 -0.042 -0.9495
5.30895 -0.44001 -0.976077 0.458333 0.31156 0.311 -0.042 -0.9495
5.39697 -0.432389 -0.936989 0.460849 0.321909 0.391 0.0431 -0.9194
5.37878 -0.494035 -0.937005 0.45741 0.322702 0.3261 -0.2386 -0.9147
3.22492 0.988321 -0.932837 0.539642 0.322338 0.4735 0.7402 -0.4773
3.17537 1.0173 -0.923451 0.54109 0.324564 0.3827 0.854 -0.3524
3.23565 1.00691 -0.864267 0.538703 0.336919 0.5202 0.846 -0.1174
3.17537 1.0173 -0.923451 0.54109 0.324564 0.3827 0.854 -0.3524
3.10764 1.02743 -0.923472 0.541891 0.324861 -0.1172 0.9022 -0.4151
3.17631 1.03422 -0.863869 0.540969 0.337002 0.2389 0.9701 -0.0432
3.11169 1.04387 -0.863886 0.542083 0.337004 -0.0504 0.9914 -0.1209
3.10764 1.02743 -0.923472 0.541891 0.324861 -0.1172 0.9022 -0.4151
3.04695 1.03507 -0.864315 0.54316 0.336919 -0.3598 0.9293 -0.0832
3.10764 1.02743 -0.923472 0.541891 0.324861 -0.1172 0.9022 -0.4151
3.13705 0.992259 -0.972691 0.541667 0.31156 0.3836 0.7093 -0.5914
3.05187 1.01424 -0.932858 0.542513 0.322418 -0.3581 0.8283 -0.4308
3.13705 0.992259 -0.972691 0.65625 0.15625 0.3836 0.7093 -0.5914
3.18512 0.959008 -0.982401 0.650149 0.159772 0.2864 0.7171 -0.6354
3.08141 0.974582 -0.982401 0.652465 0.154065 -0.081 -0.0417 -0.9958
3.17537 1.0173 -0.923451 0.54109 0.324564 0.3827 0.854 -0.3524
3.22492 0.988321 -0.932837 0.539642 0.322338 0.4735 0.7402 -0.4773
3.13705 0.992259 -0.972691 0.541667 0.31156 0.3836 0.7093 -0.5914
3.13705 0.992259 -0.972691 0.541667 0.31156 0.3836 0.7093 -0.5914
3.10764 1.02743 -0.923472 0.541891 0.324861 -0.1172 0.9022 -0.4151
3.17537 1.0173 -0.923451 0.54109 0.324564 0.3827 0.854 -0.3524
-2.0295 -0.405832 -0.910563 0.618419 0.328469 -0.3965 0.9173 0.0359
-2.07252 -0.446241 -0.910844 0.625 0.326106 -0.6846 0.7289 -0.0002
-2.07299 -0.446241 0.909788 0.625 0.672954 -0.6846 0.7289 -0.0002
-2.07252 -0.446241 -0.910844 0.375 0.326106 -0.9905 -0.1378 -0.0003
-2.06439 -0.504705 -0.910842 0.378192 0.327669 -0.9905 -0.1378 -0.0003
-2.06485 -0.504705 0.90979 0.37819 0.671391 -0.9905 -0.1379 -0.0003
-2.06439 -0.504705 -0.910842 0.378192 0.327669 -0.4596 -0.8881 -0.0001
-2.01196 -0.531831 -0.910559 0.379751 0.328469 0.2942 -0.9293 -0.2234
-2.01243 -0.531831 0.909534 0.37975 0.670591 0.2981 -0.9283 0.2223
3.08091 0.974582 0.98397 0.652465 0.845935 -0.5515 0.1602 0.8186
-1.65035 -0.383448 0.988206 0.431065 0.97376 -0.0743 0.5387 0.8392
-1.2714 -0.364477 0.999676 0.446459 0.944382 -0.1692 0.0152 0.9855
3.0514 1.01424 0.934412 0.542481 0.676594 -0.3584 0.8283 0.4306
-1.92808 -0.398592 0.955132 0.621068 0.68005 -0.05 0.368 0.9285
-1.65035 -0.383448 0.988206 0.621732 0.6875 -0.0743 0.5387 0.8392
3.0514 1.01424 0.934412 0.542481 0.676594 -0.3584 0.8283 0.4306
3.04651 1.03507 0.865867 0.54316 0.662141 -0.1807 0.9833 -0.0222
-2.02997 -0.405832 0.90953 0.618419 0.670591 -0.3955 0.9177 -0.0375
5.34843 -0.53183 0.89251 0.455529 0.667039 -0.2993 -0.9501 0.0883
5.31319 -0.511919 0.947013 0.456193 0.6775 -0.2901 -0.8875 0.358
-1.91229 -0.511171 0.955301 0.377878 0.678873 0.2908 -0.7332 0.6146
5.31319 -0.511919 0.947013 0.456193 0.6775 -0.3076 -0.4681 0.8284
5.21873 -0.454729 0.986843 0.456531 0.6875 0.0814 0.0712 0.9941
-1.64096 -0.4499 0.988396 0.377336 0.6875 0.1852 -0.4498 0.8737
5.21873 -0.454729 0.986843 0.421875 0.714288 0.0814 0.0712 0.9941
5.09037 -0.375594 1.0013 0.444826 0.731321 0.1629 0.28 0.9461
-1.2714 -0.364477 0.999676 0.446459 0.944382 -0.1692 0.0152 0.9855
5.4095 -0.504169 -0.889969 0.45758 0.331978 0.4392 -0.8897 -0.1244
5.40904 -0.504169 0.892724 0.457579 0.667083 0.4389 -0.8898 0.1251
5.34843 -0.53183 0.89251 0.455529 0.667039 -0.2993 -0.9501 0.0883
5.4095 -0.504169 -0.889969 0.45758 0.331978 0.9593 -0.2825 0.0002
5.42832 -0.440258 -0.889964 0.462058 0.331967 0.9593 -0.2825 0.0002
5.42787 -0.440258 0.892729 0.462058 0.667093 0.9593 -0.2825 0.0002
5.42832 -0.440258 -0.889964 0.462058 0.331967 0.8351 0.5274 -0.1565
5.39238 -0.384161 -0.889775 0.466046 0.332021 0.745 0.6241 -0.2355
5.39192 -0.384161 0.892521 0.466046 0.667039 0.6539 0.7343 0.1822
3.22445 0.988321 0.934479 0.539655 0.676797 0.4733 0.7402 0.4775
5.35152 -0.382232 0.946973 0.463524 0.678735 0.5254 0.7507 0.4005
5.39192 -0.384161 0.892521 0.466046 0.667039 0.6539 0.7343 0.1822
3.18462 0.959008 0.984022 0.539497 0.6875 0.5361 0.3788 0.7544
5.24114 -0.379096 0.986792 0.461912 0.6875 0.2223 0.414 0.8827
5.35152 -0.382232 0.946973 0.463524 0.678735 0.3084 0.3438 0.887
3.12682 0.927132 1.0008 0.636194 0.839929 -0.2097 0.1824 0.9606
5.09037 -0.375594 1.0013 0.444826 0.731321 0.1629 0.28 0.9461
5.24114 -0.379096 0.986792 0.43194 0.714244 0.2223 0.414 0.8827
3.23565 1.00691 -0.864267 0.538703 0.336919 0.5202 0.846 -0.1174
3.17631 1.03422 -0.863869 0.540969 0.337002 0.2389 0.9701 -0.0432
3.17587 1.03422 0.865486 0.540969 0.662058 0.3694 0.9245 0.0944
3.17631 1.03422 -0.863869 0.540969 0.337002 0.2389 0.9701 -0.0432
3.11169 1.04387 -0.863886 0.542083 0.337004 -0.0504 0.9914 -0.1209
3.11125 1.04387 0.86547 0.542083 0.662056 0.0275 0.9968 0.0746
3.04695 1.03507 -0.864315 0.54316 0.336919 -0.3598 0.9293 -0.0832
3.04651 1.03507 0.865867 0.54316 0.662141 -0.1807 0.9833 -0.0222
3.11125 1.04387 0.86547 0.542083 0.662056 0.0275 0.9968 0.0746
5.21923 -0.454729 -0.984186 0.421875 0.285712 -0.1127 -0.62 -0.7765
-1.64046 -0.4499 -0.989232 0.421875 0.028519 0.1857 -0.4498 -0.8736
-1.27089 -0.364477 -1.00032 0.446459 0.055618 -0.0912 0.1326 -0.987
5.31367 -0.511919 -0.944307 0.456235 0.321561 -0.3072 -0.4681 -0.8286
-1.9118 -0.511171 -0.956276 0.37782 0.320183 0.2912 -0.7332 -0.6145
-1.64046 -0.4499 -0.989232 0.377336 0.31156 0.1857 -0.4498 -0.8736
5.34889 -0.53183 -0.889786 0.455529 0.332021 -0.306 -0.9454 -0.1117
-2.01196 -0.531831 -0.910559 0.379751 0.328469 0.2942 -0.9293 -0.2234
-1.9118 -0.511171 -0.956276 0.37782 0.320183 0.2912 -0.7332 -0.6145
3.05187 1.01424 -0.932858 0.542513 0.322418 -0.3581 0.8283 -0.4308
-1.92759 -0.398592 -0.956114 0.62111 0.318992 -0.2468 0.8767 -0.4129
-2.0295 -0.405832 -0.910563 0.618419 0.328469 -0.3965 0.9173 0.0359
3.05187 1.01424 -0.932858 0.542513 0.322418 -0.3581 0.8283 -0.4308
3.08141 0.974582 -0.982401 0.543012 0.31156 -0.081 -0.0417 -0.9958
-1.64985 -0.383448 -0.989047 0.621732 0.31156 -0.0738 0.5387 -0.8393
3.08141 0.974582 -0.982401 0.652465 0.154065 -0.081 -0.0417 -0.9958
3.12733 0.927132 -0.999204 0.636194 0.160071 -0.0207 0.4216 -0.9066
-1.27089 -0.364477 -1.00032 0.446459 0.055618 -0.0912 0.1326 -0.987
3.12733 0.927132 -0.999204 0.636194 0.160071 -0.0207 0.4216 -0.9066
3.18512 0.959008 -0.982401 0.650149 0.159772 0.2864 0.7171 -0.6354
5.24164 -0.379096 -0.984123 0.43194 0.285756 0.2227 0.414 -0.8826
3.18512 0.959008 -0.982401 0.539497 0.31156 0.2864 0.7171 -0.6354
3.22492 0.988321 -0.932837 0.539642 0.322338 0.4735 0.7402 -0.4773
5.352 -0.382232 -0.944246 0.463524 0.320311 0.3088 0.3438 -0.8868
3.22492 0.988321 -0.932837 0.539642 0.322338 0.4735 0.7402 -0.4773
3.23565 1.00691 -0.864267 0.538703 0.336919 0.5202 0.846 -0.1174
5.39238 -0.384161 -0.889775 0.466046 0.332021 0.745 0.6241 -0.2355
5.34889 -0.53183 -0.889786 0.455529 0.332021 -0.306 -0.9454 -0.1117
5.34843 -0.53183 0.89251 0.455529 0.667039 -0.2993 -0.9501 0.0883
-2.01243 -0.531831 0.909534 0.37975 0.670591 0.2981 -0.9283 0.2223
5.39238 -0.384161 -0.889775 0.466046 0.332021 0.745 0.6241 -0.2355
3.23565 1.00691 -0.864267 0.538703 0.336919 0.5202 0.846 -0.1174
3.23521 1.00691 0.865915 0.538703 0.662141 0.5197 0.8463 0.117
3.04695 1.03507 -0.864315 0.54316 0.336919 -0.3598 0.9293 -0.0832
-2.0295 -0.405832 -0.910563 0.618419 0.328469 -0.3965 0.9173 0.0359
-2.02997 -0.405832 0.90953 0.618419 0.670591 -0.3955 0.9177 -0.0375
-1.9948 -0.494759 0.94905 0.377191 0.678397 -0.3347 -0.2978 0.894
-2.06485 -0.504705 0.90979 0.37819 0.671391 -0.316 -0.6175 0.7203
-2.01243 -0.531831 0.909534 0.37975 0.670591 0.2981 -0.9283 0.2223
-2.07299 -0.446241 0.909788 0.375 0.672954 -0.4805 -0.0667 0.8745
-2.06485 -0.504705 0.90979 0.37819 0.671391 -0.4806 -0.0669 0.8744
-1.9948 -0.494759 0.94905 0.377191 0.678397 -0.3347 -0.2978 0.894
-2.00285 -0.436816 0.949027 0.625 0.680582 -0.393 0.2534 0.8839
-1.92808 -0.398592 0.955132 0.621068 0.68005 -0.05 0.368 0.9285
-2.02997 -0.405832 0.90953 0.618419 0.670591 -0.4349 0.539 0.7214
-1.81939 -0.440833 0.981439 0.625 0.6875 -0.0927 0.0189 0.9955
-1.65035 -0.383448 0.988206 0.621732 0.6875 -0.0743 0.5387 0.8392
-1.92808 -0.398592 0.955132 0.621068 0.68005 -0.05 0.368 0.9285
-1.64096 -0.4499 0.988396 0.421875 0.971481 0.1852 -0.4498 0.8737
-1.2714 -0.364477 0.999676 0.446459 0.944382 -0.1692 0.0152 0.9855
-1.65035 -0.383448 0.988206 0.431065 0.97376 -0.0743 0.5387 0.8392
-1.91229 -0.511171 0.955301 0.377878 0.678873 0.2908 -0.7332 0.6146
-1.64096 -0.4499 0.988396 0.377336 0.6875 0.1852 -0.4498 0.8737
-1.81939 -0.440833 0.981439 0.375 0.6875 -0.0927 0.0189 0.9955
5.39649 -0.432389 0.939737 0.460802 0.67726 0.7247 0.5159 0.4568
5.42787 -0.440258 0.892729 0.462058 0.667093 0.835 0.5274 0.1572
5.39192 -0.384161 0.892521 0.466046 0.667039 0.6539 0.7343 0.1822
5.3783 -0.494035 0.939744 0.457376 0.676331 0.7903 -0.2329 0.5667
5.40904 -0.504169 0.892724 0.457579 0.667083 0.7903 -0.2328 0.5668
5.42787 -0.440258 0.892729 0.462058 0.667093 0.7903 -0.233 0.5667
5.3783 -0.494035 0.939744 0.457376 0.676331 0.3302 -0.8278 0.4535
5.31319 -0.511919 0.947013 0.456193 0.6775 -0.2901 -0.8875 0.358
5.34843 -0.53183 0.89251 0.455529 0.667039 -0.2993 -0.9501 0.0883
5.30845 -0.44001 0.978781 0.458333 0.6875 0.3081 -0.0386 0.9506
5.21873 -0.454729 0.986843 0.456531 0.6875 0.0814 0.0712 0.9941
5.31319 -0.511919 0.947013 0.456193 0.6775 -0.3076 -0.4681 0.8284
5.24114 -0.379096 0.986792 0.43194 0.714244 0.2223 0.414 0.8827
5.09037 -0.375594 1.0013 0.444826 0.731321 0.1629 0.28 0.9461
5.21873 -0.454729 0.986843 0.421875 0.714288 0.0814 0.0712 0.9941
5.35152 -0.382232 0.946973 0.463524 0.678735 0.3084 0.3438 0.887
5.24114 -0.379096 0.986792 0.461912 0.6875 0.2223 0.414 0.8827
5.30845 -0.44001 0.978781 0.458333 0.6875 0.3081 -0.0386 0.9506
3.10717 1.02743 0.925055 0.541841 0.674036 -0.0635 0.9394 0.3368
3.11125 1.04387 0.86547 0.542083 0.662056 0.0275 0.9968 0.0746
3.04651 1.03507 0.865867 0.54316 0.662141 -0.1807 0.9833 -0.0222
3.17587 1.03422 0.865486 0.540969 0.662058 0.3694 0.9245 0.0944
3.11125 1.04387 0.86547 0.542083 0.662056 0.0275 0.9968 0.0746
3.10717 1.02743 0.925055 0.541841 0.674036 -0.0635 0.9394 0.3368
3.1749 1.0173 0.925068 0.541013 0.674207 0.3944 0.8354 0.3828
3.22445 0.988321 0.934479 0.539655 0.676797 0.4733 0.7402 0.4775
3.23521 1.00691 0.865915 0.538703 0.662141 0.5197 0.8463 0.117
3.13656 0.992259 0.974289 0.541667 0.6875 0.3872 0.4707 0.7928
3.18462 0.959008 0.984022 0.539497 0.6875 0.5361 0.3788 0.7544
3.22445 0.988321 0.934479 0.539655 0.676797 0.4733 0.7402 0.4775
3.08091 0.974582 0.98397 0.652465 0.845935 -0.5515 0.1602 0.8186
3.12682 0.927132 1.0008 0.636194 0.839929 -0.2097 0.1824 0.9606
3.18462 0.959008 0.984022 0.650149 0.840228 0.5361 0.3788 0.7544
3.0514 1.01424 0.934412 0.542481 0.676594 -0.3584 0.8283 0.4306
3.08091 0.974582 0.98397 0.543012 0.6875 -0.5515 0.1602 0.8186
3.13656 0.992259 0.974289 0.541667 0.6875 0.3872 0.4707 0.7928
-2.00237 -0.436816 -0.950048 0.625 0.318478 -0.3926 0.2534 -0.8841
-2.07252 -0.446241 -0.910844 0.625 0.326106 -0.4714 0.5069 -0.7217
-2.0295 -0.405832 -0.910563 0.618419 0.328469 -0.4345 0.539 -0.7216
-1.99432 -0.494759 -0.950066 0.377223 0.320789 -0.3342 -0.2978 -0.8942
-2.06439 -0.504705 -0.910842 0.378192 0.327669 -0.4801 -0.0668 -0.8747
-2.07252 -0.446241 -0.910844 0.375 0.326106 -0.48 -0.0667 -0.8747
-1.99432 -0.494759 -0.950066 0.377223 0.320789 -0.3342 -0.2978 -0.8942
-1.9118 -0.511171 -0.956276 0.37782 0.320183 0.2912 -0.7332 -0.6145
-2.01196 -0.531831 -0.910559 0.379751 0.328469 0.2942 -0.9293 -0.2234
-1.81889 -0.440833 -0.982365 0.375 0.31156 -0.0794 0.0124 -0.9968
-1.64046 -0.4499 -0.989232 0.377336 0.31156 0.1857 -0.4498 -0.8736
-1.9118 -0.511171 -0.956276 0.37782 0.320183 0.2912 -0.7332 -0.6145
-1.64985 -0.383448 -0.989047 0.431065 0.02624 -0.0738 0.5387 -0.8393
-1.27089 -0.364477 -1.00032 0.446459 0.055618 -0.0912 0.1326 -0.987
-1.64046 -0.4499 -0.989232 0.421875 0.028519 0.1857 -0.4498 -0.8736
-1.92759 -0.398592 -0.956114 0.62111 0.318992 -0.0495 0.368 -0.9285
-1.64985 -0.383448 -0.989047 0.621732 0.31156 -0.0738 0.5387 -0.8393
-1.81889 -0.440833 -0.982365 0.625 0.31156 -0.0794 0.0124 -0.9968
5.37878 -0.494035 -0.937005 0.45741 0.322702 0.3305 -0.8278 -0.4533
5.4095 -0.504169 -0.889969 0.45758 0.331978 0.4392 -0.8897 -0.1244
5.34889 -0.53183 -0.889786 0.455529 0.332021 -0.306 -0.9454 -0.1117
5.42832 -0.440258 -0.889964 0.462058 0.331967 0.7906 -0.233 -0.5663
5.4095 -0.504169 -0.889969 0.45758 0.331978 0.7906 -0.2328 -0.5664
5.37878 -0.494035 -0.937005 0.45741 0.322702 0.7906 -0.2329 -0.5663
5.39697 -0.432389 -0.936989 0.460849 0.321909 0.7249 0.5159 -0.4565
5.352 -0.382232 -0.944246 0.463524 0.320311 0.5256 0.7509 -0.3999
5.39238 -0.384161 -0.889775 0.466046 0.332021 0.745 0.6241 -0.2355
5.30895 -0.44001 -0.976077 0.458333 0.31156 0.311 -0.042 -0.9495
5.24164 -0.379096 -0.984123 0.461912 0.31156 0.2227 0.414 -0.8826
5.352 -0.382232 -0.944246 0.463524 0.320311 0.3088 0.3438 -0.8868
5.21923 -0.454729 -0.984186 0.421875 0.285712 -0.1127 -0.62 -0.7765
5.09088 -0.375594 -0.998703 0.444826 0.268679 -0.2705 -0.0101 -0.9627
5.24164 -0.379096 -0.984123 0.43194 0.285756 0.2227 0.414 -0.8826
5.31367 -0.511919 -0.944307 0.456235 0.321561 -0.3072 -0.4681 -0.8286
5.21923 -0.454729 -0.984186 0.456531 0.31156 -0.1127 -0.62 -0.7765
5.30895 -0.44001 -0.976077 0.458333 0.31156 0.311 -0.042 -0.9495
3.17537 1.0173 -0.923451 0.54109 0.324564 0.3827 0.854 -0.3524
3.17631 1.03422 -0.863869 0.540969 0.337002 0.2389 0.9701 -0.0432
3.23565 1.00691 -0.864267 0.538703 0.336919 0.5202 0.846 -0.1174
3.10764 1.02743 -0.923472 0.541891 0.324861 -0.1172 0.9022 -0.4151
3.11169 1.04387 -0.863886 0.542083 0.337004 -0.0504 0.9914 -0.1209
3.17631 1.03422 -0.863869 0.540969 0.337002 0.2389 0.9701 -0.0432
3.10764 1.02743 -0.923472 0.541891 0.324861 -0.1172 0.9022 -0.4151
3.05187 1.01424 -0.932858 0.542513 0.322418 -0.3581 0.8283 -0.4308
3.04695 1.03507 -0.864315 0.54316 0.336919 -0.3598 0.9293 -0.0832
3.13705 0.992259 -0.972691 0.541667 0.31156 0.3836 0.7093 -0.5914
3.08141 0.974582 -0.982401 0.543012 0.31156 -0.081 -0.0417 -0.9958
3.05187 1.01424 -0.932858 0.542513 0.322418 -0.3581 0.8283 -0.4308
3.18512 0.959008 -0.982401 0.650149 0.159772 0.2864 0.7171 -0.6354
3.12733 0.927132 -0.999204 0.636194 0.160071 -0.0207 0.4216 -0.9066
3.08141 0.974582 -0.982401 0.652465 0.154065 -0.081 -0.0417 -0.9958
3.22492 0.988321 -0.932837 0.539642 0.322338 0.4735 0.7402 -0.4773
3.18512 0.959008 -0.982401 0.539497 0.31156 0.2864 0.7171 -0.6354
3.13705 0.992259 -0.972691 0.541667 0.31156 0.3836 0.7093 -0.5914
